227 81 102 312 85 108 131 56 102 124 88 41 5 53 17
2 40 179 180 23 149 122 859 52 215 60 313 217 305
342 162 293 784 3 15 7 45 11 39 81 22 236 206
466 102 173 543 111 351 47 613 40 108 101 293 534
174 206 668 38 32 26 45 330 141 58 2 8 11 87 53
176 342 313 351 313 308 342 174 206 43 5 61 22
331 116 513 206 307 47 236 304 188 109 63 52 26
58 315 206 40 2 34 18 11 173 325 242 233 17 25
68 12 5 643 450 320 342 327 180 305 230 44
22 45 66 102 175 237 60 46 87 26 103 49 176
334 293 136 211 342 118 174 313 502 109 141
173 275 141 342 108 192 342 279 109 208 429
305 173 127 329 173 127 229 275 141 342 192
351 109 10 54 90 55 2 341 173 53 11 100 71 275
141 342 237 229 412 176 342 305 173 325 275
141 342 161 293 1 39 22 173 207 127 179 326
73 9 60 51 238 769 63 19 26 40 108 315 173
168 351 325 229 45 52 15 79 109 41 174 82 2
30 50 548 47 76 132 69 17 11 40 45 176 32
28 62 46 60 320 342 96 347
347 313 364
