355 251 7 67 280 647 43 20 280 681 209 200 194 409 340 50 11 46 81 19 12 296 90 109 70 1 103 50 200 216 192 27 18 40 82 14 69 6 109 60 47 18 56 45 280 100 292 37 68 8
282 94 84 215 35 190 211 335 216 228 9 69 57 173 364 84 215 99 361 286 360 31 74 4 83 71 67 69 70 110 20 361 36 78 46 18 81 2 25 49 17 44 84 31 77 4 86 31 57 72 210 110 87 112 282
360 329 562 360 193 162 361 382 67 572 496 112 216 364 190 267 200 84 282 281 117 20 44 68 18 60 57 1 193 56 69 75 37 74 112 110 409 512 213 190 46 89 90 70 71 45 1 43 19
2 81 40 17 69 90 370 59 20 405 2 66 74 489 81 342 131 82 10 91 44 4 162 614 40 31 1 60 11 7 58 282 4 112 629 360 132 360 384 409 504 413 274 667 190 240 103 112 367 408 173 361 510
11 91 44 360 341 46 546 430 543 94 413 367 200 304 81 504 123 190 228 597 56 360 183 210 279 100 697 361 330 402 361 56 67 406 340 360 375 409 504 102 405 93 364 391 267 122 270 2
478 96 162 355 430 11 19 70 35 391 200 270 596 81 78 281 81 4 173 430 543 269 19 280 429 123 199 103 132 284 280 368 585 56 173 537 126 194 385 121 40 17 45 4 279 1 391 204
112 593 280 75 31 106 56 542 360 361 132 60 210 44 67 70 280 528 59 103 110 15 430 543 211 212 46 385 56 105 1 478 101 123 292 56 79 104 67 4 56 20 364 361 542 405 422 7
35 219 47 90 84 409 361 613 59 3 367 351 14 109 191 4 470 117 25 31 81 64 360 182 191 212 276 413 267 183 368 178 56 109 537 360 104 39 83 70 37 40 19 60 69 360 366 100 35 1 210 211
430 175 166 56 11 25 40 67 90 44 59 194 360 201 284 697 162 363 411 430 279 543 142 378 259 21 111 271 228 67 48 17 8 150 96 162 618 126 212 196 122 36
220 150 100 496 201 391 194 298 620 273 646 665 170 413 126 643 665 258 365 361 639 391 581 81 162 93 285 447 407 165 56 84 281 45 1 194 111 385 256 63 280 71 31 34 19
391 350 270 200 375 57 162 258 365 644 667 57 173 362 6 361 613 56 351 356 80 48 18 82 1 409 470 117 25 31 83 64 210 267 172 382 280 285 215 697 401 391 204 200 340 338
336 167 10 391 367 212 43 153 270 360 56 45 40 19 35 691 5 3 648 665 170 173 537 2 123 361 57 99 3 44 194 121 45 391 9 70 361 571 112 522 57 224 363 255 173 361 56 69
192 361 404 209 304 264 568 211 162 212 2 40 70 17 57 69 60 412 190 430 543 57 81 40 18 69 90 370 58 103 691 88 93 569 71 40 89 50 11 70 19 216 504 202 596 81
192 327 118 100 123 697 493 212 210 126 48 87 85 59 59 85 20 80 31 11 9 83 97 193 36 67 10 70 19 219 496 101 391 173 504 585 56 339 57 105 272 57 108
279 95 102 362 367 504 71 75 106 645 280 361 282 361 50 40 8 0 280 84 70 81 83 216 44 282 1 85 215 112 199 59 84 31 45 35 212 360 562 123
173 103 429 691 10 555 697 496
