L01 200 518 245 226 459 533 263 321 517 451 547 53 546 225 614 353 359 515 263 558 359 15 646 225 411 465 256
L02 252 116 143 368 245 254 443 551 152 520 262 256 151 225 516 439 368 312 152 261 558 245 517 316 459 315
L03 459 143 356 153 556 167 362 568 156 462 156 439 357 320 452 262 411 165 245 459 260 252 318 8368 516 463
L04 360 433 353 156 152 517 441 317 224 245 943 615 656 920 025 444 226 815 640 225 316 546 155 992 248 167
L05 262 146 156 349 256 159 331 165 435 540 456 435 156 416 354 195 162 253 516 151 117 387 349 256 517 364 243
L06 366 835 433 143 252 321 152 165 233 467 356 260 517 535 435 547 320 244 256 517 535 462 256 359 156 461
L07 459 262 226 316 531 615 325 443 722 635 172 833 592 227 459 560 152 321 443 253 517 456 517 244 142 154
L08 436 253 145 156 252 355 653 543 3237 456 535 144 516 461 166 152 426 349 356 256 517 517 162 119 356 152
L09 36 621 112 261 422 263 256 366 433 445 461 359 560 252 516 317 535 433 167 115 261 559 262 459 238 152
L10 111 456 315 253 411 165 320 254 459 426 256 252 154 447 222 459 26 156 268 540 456 435 552 283
L11 200 368 256 517 222 6317 434 165 320 167 362 366 461 154 433 145 262 547 165 535 462 256 143 556 417
L12 260 515 558 359 535 456 167 22 265 163 592 612 116 433 318 459 261 245 261 359 518 31 121 521 167 253 268
L13 150 261 469 256 445 461 559 20 241 153 215 334 342 115 322 298 178 333 592 034 600 240 321 254 45?2
L14 263 165 262 256 354 462 463 357 156 115 262 153 615 2357 517 465 165 150 317 516 359 261 520 445 462
L15 254 517 524 462 260 256 433 517 464 557 424 262 411 165 306 433 430 156 517 437 356 320 517 454 253 2602
L16 411 312 252 154 540 456 435 534 517 260 263 517 453 559 426 256 152 520 315 251 434 317 359 543 320 252 3550 538
L17 433 237 456 535 144 200 535 462 256 143 246 152 156 316 142 263 165 253 167 262 146 3550 156 360 454 459 260 152 156
L18 244 142 154 430 537 144 262 411 515 269 553 469 256 251 151 145 435 534 260 435 165 426 156 156 316 142 356 36? 243 4535
L19 565 172 041 652 553 224 516 460 145 167 519 152 210 348 439 433 441 517 251 463 533 439 435 546 535 625 325 615 1145
L20 113 318 817 533 359 515 262 242 251 245 459 262 200 551 154 156 261 559 263 467 456 132 156 156 169 153 461 553 261 153 156
L21 256 445 319 152 154 517 246 153 226 315 152 368 156 462 253 439 152 359 516 459 143 553 5268 456 459 167 263 366 433 461
L22 359 264 151 156 569 156 253 319 151 559 518 433 165 336 368 153 45? 459 53? 5?6 465 558 359 5?3 5?7 435 426 256 359 560
L23 439 357 150 510 358 829 44 349 456 211 535 456 213 152 201 106 100
