337 315 384 337 241 348 123 102 220 111 376 181 299 240 442 275 385
127 439 180 348 205 283 181 212 124 385 180 289 203 354 376 370
392 135 133 389 385 403 373 288 120 303 194 188 379 441 386 313 384 366 271 205 151 343 403 422 384 343
291 348 378 312 157 147 100 126 148
164 313 399 378 146 405 337 385 180 290 258
392 220 225 102 289 205 408 212 264 205 180 385 337 120 303 193
408 116 385 305 384 123 388 442 177 120 241 313 400 103 288 120 303 194 180 164 313 401 181
188 408 111 406 303 313 400 181 408 343 348 211 349 205 178 313 400 189 259 429 373
214 176 127 399 376 146 399 291 348 375 313 157 348 205 388
298 112 275 403 312 400 277 312 315
271 313 441 101 347 123 422 330 267 265 210 241 315 373 112 205 398 205 188 103 157 399 403 120 303 192 438 157 349 403 291 189 180 194 144 325 239 293 324 291 300 241 315 375 289 181 294 238 281 180 428 420 399 211 400 275 403 376 395 194 212 270 317 375 315 400 322 288 275 399 205 178 313 399 315 160 210 194 367 303 400 399 376 205 325 214 427 376 291 385 441 396 194 303
260 298 303 322 430 335 205 400
348 120 122 289 210 180 187 303 316 288
348 374 424 389 205 170 271 289 337 291 349 378 313 157 152 305 289 281
292 299 376 160 127 439 180 153
290 313 316 313 373 366 337 211 405 303
348 289 111 313 400 403 384 228 313 180 211 181 212 124 385
292 339 176 376 385 180 290 151 343 373
291 166 180 349 210 241 313
