668 295 818 864 | 790 1385 1434 168 1440 1081 1576 1385 16 1585
1549 828 569 1186 402 500 1426 83 569 1385 1025 1016 1457 908
668 1575 1405 668 1416 184 1507 567 1426 974 546 1244 360 1317 1424 cw:1102
1112 1433 520 1318 1440 1006 scarcely 302 1421 569 1259 1317 1516 322 520
792 184 1421 430 1424 632 1372 897 1520 184 680 1479 1535 1398 1176 500
undoubtedly 1549 1501 1148 1141 1060 1404 382 1586 235 1388 169 1254 1244
1501 1077 668 1501 151 1091 501 1594 | In the German Gazettes 282 184
809 1501 1382 1254 1317 1549 352 479 1017 790 1384 500 1501 134 1365
699 1535 283 1440 1436 scarcely 1157 586 1384 169 90 743 1531 162
888 1300 1426 1385 826 637 1576 68 1517
