1416 1399 219 1148 1098 565 1254 1426 674 983 1317 845 1036 569
1385 948 401 1229 637 1440 500 1021 1864 897 428 479 734 1503 357 1424
143 357 1426 1044 237 1293 1190 1501 399 539 1471 934 937 897 668 142x
350 289 1403 897 815 545 239 569 641 1440 1190 1501 219 1148 1098 981
1385 501 452 1061 864 1576 1101 948 792 1385 995 troops 692 1508 21x
880 643 402 949 669 44 | 790 1385 464 1149 488 1176 1385 1544 1308 15xx
908 614 520 1385 153 1083 1098 1332 880 776 1426 254 502 1450 1576
Prince Kurakin's 1457 352 1372 500 1384 1440 174 938 1501 219 1148 11xx
1190 1176 1440 1199 1310 845 193 1503 1426 992 569 108 | 169 1185
1440 692 1501 821 1592 252 728 1384 1385 16 1535 289 1549 828
1244 809 1379 549 520 360 569 426 699 | 1535 | 1440 570 169 1xxx
1407 31 1501 219 1148 1070 692 992 1244 433 552 1576 611 500
948 282 1520 1385 1309 588 1576 996 520 1453 416
[clear: A very few days must in all probability produce the Manifestos of both parties ... It is not General Kutuzoff but Count Rostopchin who is appointed Governor, civil and Military, of Moscow -]
1549 687 1576 731 1086 1436 983 1429 1391 668 1440 1436 55x
220 586 1384 1416 1233 385 1022 1592 1385 1592 1385 1099 1576 1385 995
90 620 1385 105 637 1576 1385 498 1385 16 402 1148 586 1592 1186 699 13xx
1361 569 1116 432 726 844 508 897 569 1384 1019 731 1576 1385 539
927 1383 1540 1385 1097 748 1576 1385 1305 1361 1404
