5745698354031704137298463572318688832480155950476593730094570198115251338753781854959476043575275119715337
284764112953698825886197115013174234746842593869320043598684801771534528470338176491228869881543037
64812745698423446189083219560308593810412547685703149475924003185357517238461303981909377045294
46439224709188531610397804832113633283440455937039568424830657643054813729546303723387145813
759316731098814127976185783239468137219459984729494259041244317142898426532358163729477541093121
84691573959353820888364882511680387019211481395964771894143312300690259881175965737275416842883069
841853970549461324389571497038596832719768425491644209547633827043170853859657452901370918957
8376541287383675174039593538269528479571497038213156442531913035233056442180197038611270347
59192538037159178538284706382909370831903750196873804378148319527746497284956043195303927
5765412884683029849501583791814740376182349418539705494620027836153204465849152703751037091
859376483158152957244981548145234795109870386315255745217139946879837289018648823346403778
583129846854270319703830316940158703772834613417131573926456853701043127446315287139178110
17619250031037137594564952495386133571395715031920738368302783604314037815047280961042944
671311481103547813128470693352947604458187387021196713194284546972347096344859355019706832
418865739703127382033688127009509375917649524951963958155985498115287357176494743419514664
378195137594168428491681384054813728434581484559372253690157038270939148154695301528736013784
85377047301839250064771894143312409675301928149637200064952879493181651398174294746573127
58310315813960313475937293467581472030468829171684298306738328488637294456873185390415
4331647328073881396498215131705037693594185170137291864045591843591726009509375935274396315
2844683297541853170173868823334637207385703721498651317014740853182973836830274956738325
857620095483759416439274469428441695284791174943198131280470379481851864742990186713197270069
382131460347591925940158703767323013709459593287459196947804703729317045551861920739640317008
418469727073849455938655213369035280398913770178710476972775816039871378739702888617129116952
9044931670374359349137702534693811718703820446940104593725116073879412790170837598547684210
373851959634291047010438918119648127473698172537640459321846783140352934851859811760841031
591303827713770101959684291031780415596332845433770814164428714791543045593881396452180310
137814037594730156901724483101374341103526913519203156372819704149388547619284073651701948
3168447915715703547699903725103994684288546442304493160028593891548164045013770182944683275
1397040988119611259565935983157853527713759556099881893722096477591447837818519708360029576
4759853568728153623720926049870244998315769491753540475937298145633274751645029490358
53859412034095935504165718217139946132534405919047037814845596854210040703927336345118
88352144649325873183604195940372393817138673832980573159174768429315263403157893274
956573728009141983084757037280459379481853768739813127583598600857038593518277383687
751924989688259881543037254986043549290937751864112858378103197024476703559703175477025
594791548141644288361387981974813125
