59171031707430481523476411644952498193347208883254935401570414727
00405915218446481220083258749472500879897192104704909188150472419096
34489870630921476801910531740475965320380637240319581769018416443321
476450644207915901798193031617302383021093958156836141924041970401830
503865849591864818604378195187017640157008358468423938680497015
3031610389154301864469017683124001057490918947015683211536842139720
983791196411214461868749576451229464702198176033130396571867818091
8950137610194994246237571960347214716441644552195649319065717083
77019593767737249145571595376888321041540183050196842783061018707147
846849817093759836182157176875817593585416348917971768861712451193015
584743497019603986571721350158379130416445361706403518303760020110604
31401830853563725956014939983130156041749680191053647421002103133881
5019684218015647421376847537599515303726132043190817904159376972119951049
701959690372171159468824171608170315913019657184919709524773761730351410
41851737618433770813767385701764745209310439675306407019494733156304703
7118704765721734078152634693301568468302204150331684703764421431719
576496154303769421981570196701709987061922851859143017215919915430184915
9017690182104599737309515301768118213110397818644228471196442480197038
49764912244901868719703864897156742010564852190181760319214422107611249
81557618308570197063421493610159461121830310171870196481248464781091970651
38105317401930481565718698921998324938117377047644213829571817603619
71183019699528856254116031568470224764112309619984730401991546188369521
871970192249180998404763821493647024006930219576976457211967422904917
3440180315657312733868824988697213409701750194015653220349156998369
330173770196442203197047240817031591813840152695213849170347674132049
7683208049911968422938611220315649521951963382119047015581595403160021
340311571785356701791315917699836830227897187063421840313194054813764
916110220415403781091567421493630770310377018600949198183050456442040
373091193015684034930174019613214981570437501568321830618603154031043
9154319673182237431870301864954901830503761522737818301561701041540
18308537619220315103170455969017218749151767317194035
