# Erving 10 Aug 1807, code groups in order, one aligned run per line (from aligned.txt by build_reveal.py)
0362a 69 1651 32 424^ 500 1290 1343 1210
0362b 1651 582 179 133 819 637 163^
0362c 133 1651 388
0362d 776 975 1343
0362e 1651 134 43 1686 1651 738 133 1290 244 1651 1661 133 628 133 1651 305 977 691 743 133 724 549 943
0362f 1651 715^ 133 1651 134
0363a 1343 133 1481 525 618 611 1341
0363b 330 133 6 390 1228 1686 1651 1661
0363c 276 133 408 271 710^
0363d 800 1343 621
0363e 317 1638 1514 478 111 146 1194
0363f 1651 111 146 1194 462 975
0363g 870 1398 139 1497 509 1651 131 849
0363h 111 849 443 1194 837 975 916 465 624 525 1623 1577
0363i 1343 388 1560 69 1158 398 1688 1651
0363j 244 1698 97 724 549 943 1524 1136 133 66 893 1497 1146
0363k 1661 1484 242 97 926 599 624 1583 137 700 26
0363l 133 1651 738 244 301 1114 1651 1661 553 879 857
0363m 87 310 1158 1343 708 849 426 277
0363n 133 1552 66 624 1524 1136 133 1298 1463
0363o 1684 110 1432 368 624 593 1017 849 537 1343 499 525 1684 1362
0363p 133 69 1017 1453 298 579 1379 97 916 624 293^ 133 1656 756 66 6
0363q 1484 429 34 1539 97 614 1017 1521 1387 855
0363r 296 226 268 624 916 1627 1146 1698 1174 244 1481
0363s 1524 1136 133 980 146 1357 1164 43 1688 1481 244 1651 1661
0363t 1514 916 244 579
0363u 1578# 1010 284 1651# 628
0363v 1578 1481 1250 1203 957 1481 525 580^ 1201# 1651 333
0363w 956 1193 543 424 133# 1651 1661 244 1651 1242^ 133 1290 884 903 926
0363x 777 111 1583 446 1407 176 979 1593^ 133 X91# 1497
0363y 1688 926 429 244# 1181 1298 1578 1481 1484 553
0363z 926 X71# 1521 1027 301 594 408 633 69 191 728^
0363A 244 87 310 1023 1114 1343# 244 769 1114 926 1484 553
0363B 133# 632 849 1147 455 1482 408
0363C 1484 244 1154 1484 111 69 1651 250# 904 934 1656 162
0363D 133 408 1242 1484 1686 767 679 378 1210 1686 1651 388 244
0363E 133 1290 244 471 624 1181# 1 743 628 1407 940 1343 553
0363F 523 347 1119 1419 1407# 1290 1544 251 244 940 926 419 525 244
0363G 884 120 257 1119 157 926 892
0363H 491 868 934 1154 691 111 926 1411 471# 1340 1495 1407 940
0363I X01# 133 1219 490 630 542 603
0364a 1169 310 1158 69 1147 1522 368 748 887# 137 1362 1114 1419 1578 324 1484
0364b 408 1609 926 537 736 111 525 211 1583 38 408 111 146 1194^ 244 724 549 934 1343 347 151 133 871 1202 926
0364c 1634 163 111 38 244 52 426 1298 704 408 314 69 1651 293 250 389 133 169 916 1249 575 1511 71 4 1453 298 1536
0364d 1343 151 293^ 1533 1651 1221 229 1397 508 1589 244
0364e 916 624 120X# 285 244 884 120
0364f 1651 603 1343 1387 3X# 133 1651 1287 28 1698 691 1118 1484
0364g 244 182 594 385 226 1181 877 1497 13X# 244 1387 982 1497 1651 656 1298 386 525 133# 1290
0364h 69 83 1544 251 691 359 1286 943 691 244 469 1000 1119 393 1497 1521 1651 285 398 926 1484 1651 238
0364i 624 586 1424 66 191 728 66 X82# 111 1143 1146 594 1695 1487 66 1680 769 849 X4#
0364j 244 1560 372 1521 1533 X91# 1686 1651 118 1147 691 1481 1362 133 408 1596 X32^# 887
0364k 66 1578 1155 133 1114 1419 1017 69 1343 394 1587 110 111 1147 277
0364l 1343# 69 408 1387 805 244 1651 1661 1219 232 1343# 1029 66 884 74 1521 1651 1661# 697 1114 1419 347 1020 1481 1362 926 1484 469 66 405
0364m X6# 630 1543 681 569 101 918 1298 1343 1578 926 347 1533 1651 1696 X03# 1000 133 1114
0364n 1030 345 151 1484 1114 1419 130 1147 277 244 1651# 1010 284 1343 1451 997 825 1299 305 X83#
0364o 476 999^ 875 1484 38 509 X98# 1416 926 347 553 737 1174 1686 1665 1586 X# 244 1590 618 725
0364p 1183 1162 1497 1010 284^ 798 244 324 X79^# 244 1452 977 870 1010 284^ 408 155 556 1341 69 1696 1142^ 674 926 347
0365a 301 594 244 295 603 133 1578 674 408 496 244 1372 383 1651 1219 359 97 1578 1651 1219 359 97 1680 553 1027 1651 956 113 366 324 1340 1698 1610 1484 319 745 133 1287 1694^
0365b 1118 1686 1453 111 133 282 1298 1698 811 1554 1166 1540 1484 111 1411 1027 1531 744 509 X51# 929 1298 1578 1586 244 1023 1364 1343 426 137 743 244 737 1531 915
0365c 244 490 1212 934 745 528 872 244 1181 1298 1663 89 1343 1695 1487 975 1218 62 133 87 1484 424 509 1298 791 1343 1651 382 97 244 1029 814 1497 1521 509 1651 452
0365d 133 1290 669 1535 878 1394 1027 1442 38 970 1487 975 1688 870 1280 813 1478 1298 1651 146 1362 1497 133 1210 916 663 1521 916 133 579 1552 870 739 426 1554 452 791 133 1651 74X# 1519 253 262
0367a 1680 665 1651 89 110 1473 594 916 244 579 674 1210 1484 244 1417 97 1340 1391 244 1651 837^ 43 1343 244 1651 580^ 133 579
0367b 1651 111 146 1194^ 1219 1411 1027 537 1686 624 1287 477 69 1210 674 1481 1484 1484 1497 535 69 716 877 1287 111 146 1194^ 1411 230 525 125 755 1635 1651 580^ 133 1210
0367c 1578 496 347 1164 490 426 975 244 1698 1194 111 1651 206 262 1697 112 1203 27 1651 956 1193 540 133 523 1484 38 610 1598
0367d 1651 738 347 215 594 244 1651 1524 133 1210 1481 1484 1578 926 347 1114 244 1597 1651 1661 133 200 380 1146^ 422 408 1343 347 69 653 1373 1298 1583 39^ 133 1651 1661 133 628
0367e 1651 1520 111 1583 69 624 1387 1162 526 248 1407 1651 571 381 792 1340 269 96 169 80 115 347 174 975 735 1457 584 742 1651 1451 1013 982 709 628 43 1686 523
0367f 926 1169 310 1023 525 1651 653 1402 1203 916 244 1651 133 1651 738 1155 66 1210 1343 1114 1419 926 526 1362 525 1578 157 1651 1524 723 151 691 926 1651 1661 217 1535 1362 880 244 1473 938 681 509 101 1398 1590 276 133 1651 903 1688 1578 408 582 179
0367g 217 553 1027 101 133 1686 1651 1661 133 X47# 916 677 1484 408 941 1578 926 1522 1578 926 1651 1661 133 628 1484 553 1331 1638 1518 1343 1578 1497 1521 1651 133 1651 903 665 X71# 1636 975 244 1114 875 390 151 478 1114 876 1688 71 311 1143 1481 38 244 322 18 1578 1280 1027 837 975
