R7486 P1:3 | 34 30 32 43 25 64 61 62 21 59 40 40 19 43 | khinguttesmmen
R7486 P1:4 | 58 19 32 44 21 | seine
R7486 P1:5 | 25 66 61 58 67 47 55 | gutswor
R7486 P1:5 | 37 7 10 48 56 32 56 19 43 | laboriren
R7486 P1:6 | 28 19 55 56 58 21 45 23 24 61 | herrsenfft
R7486 P1:7 | 9 12 27 21 60 21 79 61 | abgese[79]t
R7486 P1:7 | 58 31 15 28 25 19 58 14 28 37 8 20 19 43 | sichgeschlaeen
R7486 P1:23 | 58 46 37 78 25 21 19 55 67 21 19 37 | solzgeerweel
R7486 P1:24 | 38 21 45 70 32 20 17 19 55 | lenxieder
R7486 P1:24 | 67 48 55 25 19 30 7 10 61 29 7 11 20 45 60 48 | worgehabthabenso
R7486 P1:25 | 18 21 58 59 32 51 32 51 19 62 3 60 46 38 37 69 32 27 38 9 64 | dessipipet[3]sollwiglau
R7486 P1:27 | 22 40 | fm
R7486 P1:27 | 19 43 18 20 45 | enden
R7486 P1:27 | 70 21 19 17 20 56 | xeeder
R7486 P1:28 | 25 44 7 16 20 | gnade
R7486 P1:28 | 34 46 41 42 19 45 8 12 21 57 | kommenaber
R7486 P3a:1 | 40 28 43 19 | mhne
R7486 P3a:1 | 31 60 | is
R7486 P3a:12 | 55 19 21 13 28 58 67 32 14 20 15 7 43 61 39 37 19 55 59 47 | reechswicecantllerso
R7486 P3b:3 | 18 19 43 | den
R7486 P3b:23 | 59 47 | so
R7486 P3b:24 | 15 48 45 02 7 31 55 | con[02]air
R7487 P1:5 | 37 15 19 61 28 | lceth
R7487 P1:16 | 59 32 4 | si[4]
R7488 P1:10 | 16 19 21 | dee
R7488 P1:12 | 13 46 55 57 20 59 49 46 45 18 21 45 79 | corresponden[79]
R7488 P3a:2 | 40 46 55 25 19 43 | morgen
R7488 P3a:3 | 46 15 56 | ocr
R7488 P3a:3 | 64 10 21 57 42 46 27 21 45 | ubermogen
R7488 P3a:6 | 49 37 20 58 59 21 44 | plessen
R7488 P3a:8 | 20 3 2 44 20 15 46 45 67 48 77 | e[3][2]neconwoz
R7489 P3a:5 | 60 00 | s[00]
R7490 P5b:25 | 19 31 43 20 44 | einen
R7490 P2:1 | 38 39 19 50 1 | llep[1]
R7490 P2:6 | 46 25 31 37 67 76 | ogilwz
R7490 P2:8 | 16 19 10 7 55 46 45 34 37 20 31 43 10 64 55 25 7 37 29 32 19 57 | debaronkleinburgalhier
R7490 P2:16 | 40 7 37 19 57 46 37 31 | maleroli
R7490 P3:2 | 10 19 | be
R7490 P3:2 | 16 7 61 40 58 20 76 31 29 42 | datmsezihm
R7490 P3:3 | 06 59 42 64 59 14 9 66 | [06]smuscau
R7490 P3:3 | 64 6 | u[6]
R7490 P3:3 | 14 9 | ca
R7490 P3:4 | 59 31 13 28 17 21 60 29 9 37 11 21 55 12 18 42 64 29 20 45 | sichdeshalberbdmuhen
R7490 P3:18 | 13 47 45 22 31 18 19 45 15 21 | confidence
R7490 P3:20 | 31 67 79 46 | iw[79]o
R7490 P3:22 | 61 3 | t[3]
R7490 P3:23 | 7 64 31 19 20 45 3 31 28 41 | auieen[3]ihm
R7491 P3a:28 | 58 19 31 | sei
R7491 P3b:1 | 43 10 | nb
R7491 P3b:4 | 11 8 45 3 | ban[3]
R7491 P3b:4 | 11 8 45 | ban
R7491 P3b:16 | 60 21 33 45 19 55 49 56 46 50 47 58 31 61 32 48 44 | seinerproposition
R7491 P2:7 | 25 19 16 20 45 14 34 20 | gedencke
R7492 P1:23 | 58 19 31 45 20 55 | seiner
R7493 P1:4 | 16 19 43 | den
R7493 P1:5 | 5 83 58 19 31 45 | [5][83]sein
R7493 P1:7 | 25 19 37 17 20 55 | gelder
R7493 P1:15 | 61 31 61 62 64 37 | tittul
R7493 P1:24 | 17 3 2 20 44 21 55 | d[3][2]ener
R7493 P6a:16 | 40 31 59 62 58 8 64 19 45 | mistsauen
R7493 P6b:2 | 74 86 | y[86]
R7494 P2a:5 | 55 64 40 46 56 | rumor
R7494 P2a:8 | 22 55 19 64 43 16 | freund
R7494 P2a:20 | 17 06 | d[06]
R7495 P2:3 | 19 31 45 55 19 58 13 56 32 49 61 59 46 | einrescriptso
R7495 P2:4 | 79 64 25 37 19 33 14 29 64 44 62 19 55 59 14 30 57 32 20 12 19 45 | [79]ugleichunterschrieben
R7495 P2:8 | 13 46 42 12 32 45 8 62 31 46 43 | combination
R7495 P2:12 | 16 64 | du
R7495 P2:12 | 12 31 44 19 61 | binet
R7495 P5a:2 | 56 20 37 32 26 33 47 45 31 58 | religionis
R7496 P2:17 | 19 31 43 37 19 10 20 44 | einleben
R7496 P2:18 | 22 64 28 55 21 45 59 46 67 47 45 67 8 44 32 | fuhrensowonwani
R7496 P2:19 | 63 20 44 | ten
R7496 P3a:3 | 8 09 | aa
R7496 P3b:18 | 17 06 | d[06]
R7497 P2:12 | 17 06 | d[06]
R7498 P1:4 | 58 19 13 55 19 61 7 57 78 | secretarz
R7498 P1:6 | 29 8 63 | hat
R7498 P1:11 | 17 20 59 | des
R7498 P3a:15 | 83 16 21 42 | [83]dem
R7498 P3a:21 | 16 21 42 33 62 63 55 62 20 | demittrte
R7498 P3a:22 | 17 46 4 29 | do[4]h
R7498 P3a:22 | 10 57 8 66 13 28 21 45 | brauchen
R7498 P3a:24 | 70 19 26 21 44 | xegen
R7498 P3a:24 | 32 45 62 55 46 17 66 13 67 32 47 43 | introducwion
R7498 P3a:26 | 16 42 32 60 58 33 47 44 | dmission
R7498 P3b:10 | 67 46 55 | wor
R7498 P3b:14 | 59 19 21 43 20 | seene
R7498 P3b:15 | 70 21 27 19 44 45 20 39 37 21 44 10 64 26 | xegennellenbug
R7498 P3b:20 | 49 46 59 62 67 46 55 | postwor
R7498 P3b:29 | 1 16 19 40 | [1]dem
R7498 P2:2 | 83 18 21 45 | [83]den
R7498 P2:11 | 16 19 58 | des
R7498 P2:18 | 17 06 | d[06]
R7499 P1:11 | 1 66 | [1]u
R7499 P2a:8 | 16 01 | d[01]
R7499 P2a:8 | 16 04 | d[04]
R7499 P2a:10 | 16 58 | ds
R7499 P2b:15 | 17 06 | d[06]
R7500 P1:11 | 16 17 31 61 37 9 45 | dditlan
R7500 P3b:5 | 16 19 59 | des
R7500 P3b:7 | 17 20 60 | des
R7500 P3b:8 | 8 15 14 46 57 18 32 55 62 19 44 49 65 43 13 67 20 44 | accordirtenpuncwen
R7500 P3b:9 | 56 20 59 31 39 33 56 21 45 | resiliren
R7500 P3b:12 | 40 73 71 54 7 43 61 19 45 63 21 45 | myxqantenten
R7500 P3b:13 | 9 29 37 8 57 42 33 57 21 45 | ahlarmiren
R7500 P3b:30 | 64 45 61 19 55 | unter
R7500 P2:1 | 18 32 23 22 33 18 21 45 14 20 | diffidence
R7500 P2:5 | 18 32 41 32 59 60 32 40 43 | dimissimn
R7500 P2:30 | 17 06 | d[06]
