03190313025561990245021993011315
2591345451162535143033514621133331614360954331531
45136231133251351935
551355351160316351513
1911354564504633023114555161943
02331360311601145551163304345543
0319655193501
021911133562502318
211350313430243036133251351935
2316991108135611556231165535021955291143
45415435560313191345145
331543455535143556085436913450231116021960804555353602198601151119354561145556231601154355350233511
91904354502913011315
19902354504913011315
23113325135111935
331545011519131961556031162515235314311
330213456
43162523119351351531143556453236431365315551935431514556130433021345