# Vienna -> Schenck 1706: per letter, the letter-cipher numbers (runs, in order) then the code numbers
R7486 34 20 32 43 25 64 61 62 21 59 46 40 19 43 58 19 32 44 21 25 66 61 58 67 47 55 37 7 10 48 56 32 56 19 43 28 19 55 56 58 21 45 23 24 61 28 9 62 25 9 57 9 12 27 21 60 21 79 61 58 31 15 28 25 19 58 14 28 37 8 26 19 43 58 46 37 78 28 31 19 55 67 31 19 37 13 8 10 9 38 21 45 70 32 20 17 19 55 67 48 55 25 19 30 7 10 61 29 7 11 20 45 60 48 18 21 58 59 32 51 32 55 19 62 60 46 38 37 69 32 27 38 9 64 22 20 19 43 18 20 45 70 31 19 17 20 56 25 44 7 16 20 34 46 41 42 19 45 8 12 21 57 46 28 43 19 31 60 55 19 31 13 28 58 67 32 14 20 15 7 43 61 79 37 19 55 59 47 18 19 43 59 47 15 48 45 62 7 31 55 7 22 24 7 32 55 19 43 189 189 189 189 189 187 187 187 187 187 187 187 187 187 187 190 190 190 190 190 502 150 150 150 150 181 181 181 181 181 181 181 181 413 101 192 166 166 516 183 103 230 134 508 136 510
R7487 37 15 19 61 28 32 43 64 9 59 32 4 4 189 187 187 187 187 187 190 190 150 150 150 181 181 181 181 181 181 181 314 186 186 186 186
R7488 16 19 31 13 46 55 57 20 59 49 46 45 18 21 45 79 40 46 55 25 19 43 46 17 56 64 10 21 57 42 46 27 21 45 49 37 20 58 59 21 44 20 32 44 20 15 46 45 67 48 77 189 189 187 187 187 187 150 150 181 181 181 254 352 526 519 100 524 521
R7489 60 00 189 187 187 187 190 150 181 181 166 562 400 600
R7490 19 31 43 20 44 9 38 39 19 59 46 25 31 37 67 76 16 19 40 10 7 55 46 45 34 37 20 31 43 10 64 55 25 7 37 29 32 19 57 40 7 37 19 67 46 37 31 10 19 16 7 61 40 58 20 76 31 29 42 8 59 42 64 59 14 9 66 59 31 13 28 17 21 60 29 9 37 11 21 55 12 18 42 64 29 20 45 13 47 45 22 31 18 19 45 15 21 31 67 79 46 61 7 67 31 59 20 45 31 28 41 189 189 187 187 187 187 187 187 187 187 187 187 187 187 187 187 190 502 502 502 150 150 181 181 181 181 134 186 526 100 100 140 204 204 340 340 208 208 207 207 509 258 258 452 452 520 525 349 518 289 149 206 528 341
R7491 58 19 31 43 10 11 8 45 60 21 33 45 19 55 49 56 46 50 47 58 31 61 32 48 44 25 19 16 20 45 14 34 20 189 189 189 189 189 189 189 187 187 187 187 187 187 187 187 187 190 190 181 181 181 181 181 181 181 181 166 134 314 100 100 100 204 349 349 349 518 122 515 231 233 262
R7492 58 19 31 45 20 55 189 189 189 189 189 187 187 187 187 187 187 187 187 190 190 150 150 150 181 181 166 166 526 519 100 258 349 349 518 206 157 527 154 355 500
R7493 16 19 43 58 19 31 45 25 19 37 17 20 55 61 31 61 62 64 37 7 64 58 17 32 20 44 21 55 40 31 59 62 56 8 64 19 45 189 189 189 189 189 187 187 187 187 187 187 187 187 187 187 187 187 502 150 150 150 150 150 150 150 181 181 181 181 181 181 181 181 181 192 166 166 166 166 166 166 103 103 103 526 519 100 400 204 208 258 258 258 452 452 525 451 205 343 132 188
R7494 55 64 40 46 56 22 55 19 64 43 16 189 189 187 187 150 150 150 181 181 166 166 186 526 204 208 258 258 349 515 157 157 527 343
R7495 19 31 45 55 19 58 13 56 32 4 49 61 59 46 79 64 25 37 19 33 14 29 64 44 62 19 55 59 14 30 57 32 20 12 19 45 13 46 42 12 32 45 8 62 31 46 43 16 6 16 64 14 9 12 31 44 19 61 56 20 37 32 26 33 47 45 31 58 189 189 189 189 189 189 187 187 187 187 187 187 187 187 187 187 187 187 150 150 150 150 150 181 181 181 166 166 166 154 154 132 132 132 517 513 193 193 193 131 131
R7496 19 31 43 37 19 10 20 44 22 64 28 55 21 45 59 46 67 47 45 67 8 44 32 62 9 63 20 44 189 187 187 150 181 181 166 100 132 132 513 193 307 180
R7497  187 187 187 150 181 181 181 166 166 166 100 132
R7498 58 19 13 55 19 61 7 57 78 29 8 63 17 20 59 16 21 42 16 21 42 33 62 63 3 55 62 20 17 46 14 29 10 57 8 66 13 28 21 45 70 19 26 21 44 32 45 62 55 46 17 66 13 67 32 47 43 16 42 32 60 58 33 47 44 49 22 64 43 16 61 137 42 40 21 55 67 46 55 59 19 31 43 20 70 21 27 19 44 45 20 39 37 21 44 10 64 26 49 46 59 62 67 46 55 16 19 40 18 21 45 16 19 58 189 189 189 189 189 189 189 189 189 189 189 189 189 187 187 187 187 187 187 187 150 150 150 150 150 150 150 181 181 181 181 181 181 181 166 166 166 254 254 254 254 254 254 254 254 254 524 207 509 349 349 157 157 157 527 527 527 132 513 513 513 193 193 237 220 220 529
R7499  189 187 181 254 526
R7500  189 189 189 189 189 187 187 187 187 187 187 187 187 187 187 187 187 150 150 150 181 181 181 181 181 181 166 166 166 516 508 254 254 208 509 258 528 515 343 513 158 255 311 504 530 457
