R957a: 290 312 343 429 288 291 150 337 429 312 405 337 290 281 388 292 376 429 313 424 103 290 232 205 376 388 373 428 313 399 290 383 343 429 375 275 193 403 102 287 273 352 375 408 267 194
R957b: 337 357 327 192 180 398 343 263 343 374 383 180 290 348 120 400 181 231 116 152 281 178 312 383 150 212 403 384 423 355 389 405 357 386 313 384 368 317 424 131 337 385 127 150 422 339 185 193 180 290 164 414 373 103 157 392 263 212 157 290 152 424 193 140 127 164 423 180 304 275 400 202 293 241 313 159 337 430 205 399 180 290 348 120 399 180 290 232 180 303 398 399 376 205 355 384 388 385 389 337 180 290 357 275 162 348 127 403 180 307 213 373 384 291 357 275 157 180 170 323 441 370 440 228 373 303 181 357 212 205 389 337 384 386 313 383 357 193 429 316 373 384 213 291 303 312 399 289 273 352 375 398 378 157 370 205 211 399 385 343 429 375 265 315
R956_1: 337 315 384 337 241 348 123 102 220 111 376 181 299 240 442 275 385
R956_2: 127 439 180 348 205 283 181 212 124 385 180 289 203 354 376 370
R956_3: 392 135 133 389 385 403 373 288 120 303 194 188 379 441 386 313 384 366 271 205 151 343 403 422 384 343
R956_4: 291 348 378 312 157 147 100 126 148
R956_5: 164 313 399 378 146 405 337 385 180 290 258
R956_6: 392 220 225 102 289 205 408 212 264 205 180 385 337 120 303 193
R956_7: 408 116 385 305 384 123 388 442 177 120 241 313 400 103 288 120 303 194 180 164 313 401 181
R956_8: 188 408 111 406 303 313 400 181 408 343 348 211 349 205 178 313 400 189 259 429 373
R956_9: 214 176 127 399 376 146 399 291 348 375 313 157 348 205 388
R956_10: 298 112 275 403 312 400 277 312 315
R956_11: 271 313 441 101 347 123 422 330 267 265 210 241 315 373 112 205 398 205 188 103 157 399 403 120 303 192 438 157 349 403 291 189 180 194 144 325 239 293 324 291 300 241 315 375 289 181 294 238 281 180 428 420 399 211 400 275 403 376 395 194 212 270 317 375 315 400 322 288 275 399 205 178 313 399 315 160 210 194 367 303 400 399 376 205 325 214 427 376 291 385 441 396 194 303
R956_12: 260 298 303 322 430 335 205 400
R956_13: 348 120 122 289 210 180 187 303 316 288
R956_14: 348 374 424 389 205 170 271 289 337 291 349 378 313 157 152 305 289 281
R956_15: 292 299 376 160 127 439 180 153
R956_16: 290 313 316 313 373 366 337 211 405 303
R956_17: 348 289 111 313 400 403 384 228 313 180 211 181 212 124 385
R956_18: 292 339 176 376 385 180 290 151 343 373
R956_19: 291 166 180 349 210 241 313
