110 36 31 157 31 33 81 15 20 125 38 97 79 15 20 128 42 17 15 130
107 101 22 118 82 36 31 81 17 68 [Starosty horodly] 87 97 135 38
35 15 20 141 94 130 25 153 110 109 127 30 31 39 85 15 20 135 [praetextu consilij]
27 16 124 31 81 15 20 12 19 19 118 141 52 21 12 133 153 46
39 135 15 20 28 30 157 31 39 94 15 20 [Congressow] 36 31 157 31 33 81
15 20 [generaliter] 144 76 144 16 39 33 36 [unanimi voto] 146 31 24
104 110 31 92 36 56 107 101 22 118 82 36 31 81 17 68 35 33 128 15
51 30 118 33 27 28 28 119 31 125 107 33 120 17 [et] 54 60 26 53 33
12 30 95 131 102 26 31 [Rempublicam] 29 139 61 102 [czyni] 107 26
22 118 82 36 31 81 39 65 16 104 15 [niemogl] 12 86 133 39 65 42 102
134 76 68 [Consilij] 28 120 136 132 146 31 39 92 [iest plus quam certum]
152 66 26 31 49 94 31 76 38 39 107 102 25 144 76 144 56
81 77 30 31 81 25 [correspondencye] 12 110 56 14 26 27 17 33
50 26 105 42 12 87 12 76 58 101 15 39 81 39 76 58 101 22 76 25 [tractantur]
