# R1067 re-transcribed from the images 5 Oct 2026 (IMG_R1067_I5579_P1 ... I5584_P6, all rotated -90, full resolution).
# Glyph rule for this copyist: closed theta-like loop and open double loop (omega) are both 8; a plain small o is 0;
# 'g' = 9, 'b'-shaped = 6, 'a'/'u'-shaped = 4, sigma-like = 5. a|b = two readings of a doubtful glyph (first preferred).
# One line per manuscript line.
# --- p. 1 (I5579) heading: No 11
1114 306 193 1044 950 197 583 669 1139
382 841 172 1018 628 219 663 557 1068 1175
1087 187 308 601 250 306 380 16 310 984
138 565 469 402 835 219 827|829 1148 992
380 188 13 119 867 470 195 6 588 580
50 450 673 1045 832 248 450 402
583 979 940 1121 380 132 800 967
1150 289 966 510 382 38 227 257 402
434 1039 138 555 134 967 314 461
946 382 1143 998 301 487 306 722 689
140 482 466 888 1159 938 878 668
382 874 314 856 219
# p. 1, second letter, heading: No 13
423 197 360 134 766 951 946 394 31
829 841 13 1088 250 161 1018 483 414
510 402 874 1057 481 245 1044 61 435
645|685 1140 712 308 1127 219 1105 219 141
1017 1054 310 899 758 1018 879 685
911 740 582 414 13 1159 399 637 588
308 1017 141 556 435 483 365 10 140
302 86 1199 399 454 1058 435 800
431 289 172 1078 49 599 725 841 628
835 294 1159 1088 1017 141 556 435
800 941 992 10 140 1144 414 1199 553
792 800 90 858 898 637 371 588 250 140 1144
1018 411 807 1078 310 800 1146 1044 399 942 314
537 380 950 219|419 1028 414 57 1024 116 219 477
# left margin, written vertically (3 lines):
667 388 642 265 828 1044 137 67
1045 362 45 1173 709 959 1145 701
107
# --- p. 2 (I5580) heading (clear): D'aff a R: No 161. Dat: Premier Avril 1757
105 28 243 1186 922 1179 744 196 531 889 754
949 371 856 800 151 633 22 6 629 909 1017 310
197 569 138 663 470 583 1114 856 1018 208 847
306 11 306 70 466 521 675 674 105 865 683
196 531 1103 1106 898 310 1103 1050 72 1199 137
120 197 758 828 1044 1127 951 1127 257 1025
141 838 725 835 499 187 570 1021 194 966
878 1152 142 13 105 1088 6 743 572 1186 731
708 1159 812 219 208 855 142 1025 1139 31
768 382 248 6 580 172 1078 942 1190 380
1086 1199 134 766 140 1162 951 968 846 487
1045 422 433 966 219 517 888 572 949
576 959 898 109 942 651 1024 946 591
426 208 64 750 1017 487 6 855 13 23 630
732 990 197 516 739 1126 1028 420 1138
569 878 897 574 1025 1039 243 172 50
768 628 1144 856 219 583 603 1018 134
208 943 245 705 54 1057 1138 828 31
485 208 1164 250 1036 663 13 119 1041
531 6 80 377 1018 303 360 889 732 780 1159
1088 630 363 1162 197 360 583 685 250
# --- p. 3 (I5581) continuation of No 161
72 1016 741 382 1069 876 1108 1039 889 402
634 139 140 1159 487 119 835 795 820 219
744 630 243 842 744 494 274 402 1044
243 1174 382 413 197 963 1094 709 257 72
1020 1016 628 482 66 1017
# p. 3, next letter, heading: No 3 (first 2.3 lines underlined in the manuscript)
1084 951 224 72 635 1199 197 828 30 727
1044 336 1185 380 805 219 520 521 389 402
454 954 1017 13 360 889 732 855 521
29 70 274 10 898 999 402 979 948 1027
454 714 402 622 138 187 685 1057 1039 138
35 1017 813 583 445 72 516 258 227 408
402 800 588 807 1078 219 1135 307 835
409 72 888 23 569 495 371 696 187
322 1041 1045 91 340 959 314 50 310
340 1017 199 10 435 800 1114 289 633
70 274 417
# p. 3, next letter, heading: No 5
1090 196 219 920 998 1127 973 1088
6 990 1041 531 572 134 239 1162 954|951 385|388
1018 208 855 142 429 109 942 651 13
1024 805 1018 573 516 327 402 196 380
1127 371 250 966 489 835 362 684
588 250 1127 197 941 77 435 398 310
1105 132 1044 1127 683 1119 402 1130 1192
1028 380 72 1151 1159 583 807 685 130
1078 419 1105 941 580 1046 1127 683
# --- p. 4 (I5582) heading: No 2. Different, rounder hand on pp. 4-6: 8 is a closed theta/omega loop (DECODE 0),
#     3 is a small closed reversed-c, 7 an open hook; 3/7 are hard to separate in this hand.
360 889 732 377 402 945 1164 250 1041 1024 531
888 740 758 583 1144 1175 663|660 663|660 360 1194 729
853 812 768 380 1057 724 194 516 631 402 1013|1017
1179 13 977|937 865 470 600 140 310 197 243 960 194
1000 134 208 855 993 957 72 963 417 732 1017
282 1075|1035 360 889 732 960 380 179 470 835
382 724 1139 1000 6 990 833 64 1164 250 817|827
783 196 227 1104 562 963 569 780 806 633
888 966 1045 827 308 134 192 179
# p. 4, next letter, heading: No 4
629 909 1017 219 202 611 134 1068 141 813
71 582 640 195 127 966 583 171 219 1127|1125 802
1179 417 716 140 588 187 521 1027 1039 219
873 517 1056 13 23 780 402 70 274 227 1013 1179
1006 65 1135 1114 438 888 494 272 990 1139
494 426 866 337 574 1045 855 240 310 234 31
1027 402 639 219 1028 618 481 13 360 1021
732 1044 193 856 899 616 119 243 1186 828
6 588 140 744 628 418 219 1127 517 187 1044
1127 683
# p. 4, next letter, heading: No 6
938 866 1162 245 452 998 1045 937 899 417 54
579 663 187 521 979 360 1164 250 1127 1126
227 429 1014 13 119 306 828 197 360 569
732 955 371 950 196 1078 6 603 740 303
569 379 197 227 137 1000 402 1044 927 1078
676 911 583 974 984 927 849 13 380 515 835
64 986 856 435 966 1152 142 531 310 219
794 140 1017 1159 1199 838 385 878 851 171
72 828 851 141 137 293 336 248 208 293 330
# --- p. 5 (I5583) heading: No 8 (corner cut). Same round hand as p. 4 down to No 12's first line.
70 937 740 1045 855 234 197 927 219 676 911 1028
90 140 813 1039 402 583 979 399 627 261 942 521
727 911 1045 854 1138 923 1044 380 1017 1166 1175
1024 1119 470 1028 609 227 447 1179 1018 382 427
823|827 828 1139 1138 219 941 314 570 1096 1045 394
1018 427 324 13 119 105 402 771|731 295|795 521 192 1096
13 243 1186 835 19 248 450 310 1197 732 1017 725
587 13 1000 138 842 950 904 758 1018 1194 856
1024 419
# p. 5, next letter, heading: No 10
429 31 833|837 637 172 314 175 1127 683 911 1069 380
416 1172 1018 1016 765 13 119 360 1194 227 926 946
84 276 631 452 1028 319 1044 245 631 1186|1136 333 572
752 197 973 851 16 219 1045 1127 462 758 402
849 1021 839 314 187 768 393 1075 432 1135 13 963
766 782 565 489 179 402 483 1045 1018 833
724 1191 54 1017 289 1044 102 1127 1119 954
141 521 250 310 1044 878 689 1185 435 611 13
119 23 685 1073 1018 1053 1045 329 310 219
# p. 5, next letter, heading: No 12 (from the second line a third, upright hand with plain 0 and 8)
1165 852 193 562 1127 134 1069 858 140 955 943
583 38 402 1105 685 1159 289 13 963 1094 868
257 1045 1017 949 6 141 481 1078 800 419 966
1045 851 800 284 1135 402 583 432 1127
# next line: 340 written after 140 and struck through (omitted)
849 306 878|874 365 10 140 302 382 1028 878
179 13 23 1094 763 194 1106 1017 74 737 134 1127
955 943 705 942 856 187 1039 360 766 197 395
888 432 1127 807 842 946 628 228 588 208
13 516 452 955 179 1024 9 283 402 196 219 827
# left margin, written vertically:
955 250 645
# --- p. 6 (I5584) continuation of No 12; first, angular hand again (as pp. 1-3)
1162 1032 429 195 187 966 1090 54 1017
856 187 402 6 797 1058 140 466
# p. 6, next letter, heading: No 7
69 489 1127 1134 402 442 1179 105 643
807 943 1115 676 314 1174 302 11 257 1039
494 986 417 1150 729 1018 193 158 44
1045 1013 835 562 1127 633 583 695 868
737 789 227 1138 303 105 878 951 1127
967 386 902 402 488 838 1028 54 467
308 633 360 208 891 1172 878 946 72 1199
137 709 685 580 841 812 1039 516 618
197 768 878 469 219 382 1127 517 187 64
1136 140 134 23 966 955 140 485 1017
141 373 574
# p. 6, next letter, heading: No 9
963 10 140 197 1000 293 402 951 842 389
1053 187 310 865 383 1018 163 31 382 294
344 955 1045 329 234 489 993 1090 72
360 163 194 516 1024 955 179 565 800 199
192 1096 196 219 79 187 454 193 1044
993 208 769 487 878 803 1138 399 627 261
# next line ends with "399 627 261 966 878" struck through, and the following line begins with
# "951 10 1108 1138" struck through (a copying repeat); both struck runs omitted.
966 878 951 10 1108 1138
807 416 998 13 1041 938
# after 807 one blotted/struck group, omitted
807 948 1115 219 98 197 1105 637 172
1040 175 179 1137 54 579 663 360 134 995
943 197 927 580 732 200 878 590 227 631
925 855 899 6 797 1058 140 466
