# R1065 from decode\DOC_R1065_D2269_2269.txt (DECODE transcription), converted 5 Oct 2026 by doc2tr.py: leading 0 -> 8; lines tagged
# with paragraph marks kept. Lines marked "#img" were then checked against the image.
# --- IMAGE NAME: 5566.png - 5574.png
# --- IMAGE NAME: 5566.png
# --- IMAGE NAME: 5567.png
# --- IMAGE NAME: 5568.png
# --- IMAGE NAME: 5569.png
865 470 582 875 219 569 897 992 429 922
479 31 380 1184 219 294 1127 992 422 1118
878 674 1018 828 727 616 225 362 853 742
# doubtful in DECODE: 22?5
1159 433 31 243 202 527 245 835 78 593
865 842 835 347 922 1179 739 192 1096 744
531 1088 245 362 743 572 1127 966 1134 31
582 422 1017 432 787 60 884 225 588
663 308 362 828 590
# tag: <CLEARTEXT FR P:3.>
171 668 878 435 572 583 832 239 663 23
134 1127 1126 948 1021 959 580 134 219 878
1046 135 1145 706 812 308 362 582 123
740 583 736 588 66 219 1018 583 1046 858
684 239 306 470 10 88 245 362 743 837
31 1159 886 873 337 936 828 134 1127 1134
943 354 1164 580 142 583 698 219 13 992
# doubtful in DECODE: ?13
739 638 261 676 1099 516 13 797 979 838 582
# doubtful in DECODE: 13?
523 219
# tag: <CLEARTEXT FR P:5.>
835 754 99 576 856 13 105 196 219 907 797
# doubtful in DECODE: 9?9
954 580 144 838 650 527 257 835 838
# doubtful in DECODE: 1?44
851 828 6 588 580 966 401 828 31 196 219
272 725 582 878 889 362 189 1088 1127 955
# --- IMAGE NAME: 5570.png
768 667 947 872 283 362 6 1127 516 446
# doubtful in DECODE: 94?7
593 23 1194 120 572 401 955 611 758 828 10
# doubtful in DECODE: 10??
889 838 1164 797 1036 787 885 23 69
# doubtful in DECODE: 1164? 885/8/3? 6?9?
569 495 576 696 1021 219 202 611 1017
1166 992 362 196 878 185 219 537 834
# tag: <CLEARTEXT FR P:3.>
744 725 580 888 1016 717 276 54 879
# doubtful in DECODE: 8?79
684 1188 1159 663 362 582 605 276 832
229 736 645 821 219 611 1165 868 805
807 435 573 380 301 31 828 455 966
1134 927 83 907 992 1127 1119 835
851 1017 580 248 208 1084 768 527 314 1084
557 593 768 1142 582 142 797 878 1116 886
1127 10 527 663 955 768 583 1142 582 142
797 294 1021 740 276 926 946 219 336 31
# doubtful in DECODE: 31?
878
# tag: <CLEARTEXT FR P:9.>
593 479 1134 306 583 582 90 950 737
276 645 619 851 885 301 196 219 907
# doubtful in DECODE: 64?5
797 954 580 797 838 1136 992 1108 219 784
# doubtful in DECODE: 954?
949 576 856 362 196 219 272 725 582 878
229 582 1193 593 565 219 583 906 219
1016 415 739 805 219 573 83 580 835 248
732 948 219 723 1127 853 1017 13 109 878
937 219 488 362 64 986 856 276 645 827
308 942 878 650 797 838 68 246 878
# doubtful in DECODE: 68?
1158 675 667 219 828 727 53 593 573
31 878
# --- IMAGE NAME: 5571.png
# tag: <CLEARTEXT FR P:11.>
329 202 424 219 758 828 31 927 884
874 911 1041 1088 54 579 663 772 984 134
# doubtful in DECODE: 874?
945 943 951 239 257 306 380 650 797 276
838 593 219 909 992 276 838 593 31 833
# doubtful in DECODE: 99?2
680 797 134 479 435 943 276 54 579 684
# doubtful in DECODE: 68?0
362 842 210 1018 1088 245 327 955 306 1016
# doubtful in DECODE: 84?2
53 373 835 779 570 1021 516 329 1021 955 140
196 276 739 79 819 362 1148 1021 1108 835
565 590 31 516 739 955 516 582 875 219
569 847 306 787 885 98 219
# tag: <CLEARTEXT FR P:13.>
922 1179 645 937 966 853 579 797 23
134 10 1099 362 979 1072 13 107
# --- IMAGE NAME: 5572.png
# --- IMAGE NAME: 5573.png
# tag: <CLEARTEXT FR P:2>
583 593 572 949 576 959 898 828 104 968 583 1017
# doubtful in DECODE: 10?4
591 1179 999 739 283 83 219 23 527 134 23 889 732
# doubtful in DECODE: 13?4
1017 954 856 362 582 1021 282 219 582 123 828 856
362 582 1021 282 219 582 123 828 31 889 732
# doubtful in DECODE: 28/5?2
236 743 1088 268 752 134 943 1127 1021 1165 576
912 992 219 835 847 645 687 362 583 67 828 552 306
787 219 583 954 570 1017 834 572 362 219 1152
10 765 888 1041 758 380
# tag: <CLEARTEXT FR P:4>
1016 421 23 889 732 855 521 569 1018 663 611 1189 992
196 31 1027 454 714 834 49 1164 580 779 943 583 98 276
645 421 1044 966 1134 844 556 362 583 809 31 569 362
663 64 725 1021 354 245 189 992 219 569 847 885 741
# doubtful in DECODE: 64?
340 967 1159 588 663 899 380 230 1018 583 171 516
618 835 1124 481 464 1014 429 578 463 219 828 727 516
739 955 140 582 875 219 569
# tag: <CLEARTEXT FR P:6.>
1099878949611 1088 838 868 949 827 1018 219 844
1017 512 898 966 1075 992 768 878 455 164 202 885
# doubtful in DECODE: 7?68
874 527 289 735 1018 966 134 968 50 725 693 31 306
885 900 685 1042 219 265 440 942 219 771 220 200
23 832 685 1073 31 583 1142 582 142 838 1159 1018
966 496 219 355 984 134 745 943 939 276 35 683
992 835 225 716 853 912 907 899 1068
# tag: <CLEARTEXT FR P:8>
971 593 583 208 760 1021 996 832 521 516 792 72 23 766
1126 633 572 1127 1134 340 1193 219 847 1164 828 799
582 429 282 219 582 821 306 645 850 548 701 219 355
878 1108 1116 593 749 992 362 828 850 483 460 1021
833 219 225 716 853 912 380 946 878 1108 1116 330
828 850 966 1134 1127 950 992 740 685 2 841 856 521
941 856 219 748 663 593 899 878 971
# --- IMAGE NAME: 5574.png
# tag: <CLEARTEXT FR P.10>
650 732 2 579 1021 516 618 572 1127 955 54 579
# doubtful in DECODE: 57/2?9
663 835 414 593 31 569 966 1116 768 945 835 631 885 98 13
119 865 749 202 582 147 380 388 1165 527 1099 575 380
151 219 22 1016 91 838 851 828 6 588 580 966 112 7 754
# doubtful in DECODE: 5/6?88
362 722 582 676 1021 787 593 219 583 835 414 1088 245
1122 572 685 835 89 362 920 859 1018 1001 460 839 588
# doubtful in DECODE: 588/0?
362 1148 1021 1108 1088 1127 239 685 955 521 1067 276 1095
992 879 421 593 219 749 993
# doubtful in DECODE: 42?1
# tag: <CLEARTEXT FR P.12>
582 147 1159 569 878 683 1114 13 105 23 569 732
# doubtful in DECODE: 73?2
452 429 922 1179 645 909 556 899 645 695 208 583
949 77 23 766 572 635 779 134 847 1133 966 1194 787 858
# doubtful in DECODE: 858?
899 828 1044 578 1017 282 429 276 631 460 839 5
# doubtful in DECODE: 5/680
1151 829 841 966 1134 797 60 58 874 527 50 992 1159
1088 49 1164 909 898 31 583 949 77 362 896 853 742
593 1088 838 362 1164 495 689 31 460 839 580 362
946 276 645 38 13 105 582 86 276 613 202 466
