# R1064 (d'Affry 1757, N.136), numeric code groups, one manuscript line per text line.
# Re-transcribed/checked from the images 5 Oct 2026 (start: DECODE DOC_R1064_D1846 via doc2tr.py).
# Glyph rule: p.1-2 and p.5 hand writes 8 as a looped glyph and 0 as a plain small o; p.3-4 hand writes 8 as a
# double loop (w-shaped, leading or inside a group) and 0 as a plain o; DECODE read both loops as 0. 9 looks like g,
# 3 on p.3-4 like a reversed c. a|b = doubtful glyph, a preferred.
# --- p. 1 (I5561)
380 1184 219 294 1127 1068 1127 853 1116 593 745
650 1127 992 422 992 878 674 219 828 727 966
116 487 582 728 219 582 123 516 618 31 828 1127 955
354 1188 966 923 1044 583 887 435 13 105 380 61 580
276 797 966 582 1184 219 445 1018 1016 1015 134
1068 943 946 1103 31 923 219 582 1015 1164 828 276
1175 593 380 805 984 1127 316 276 1013 992 966|996 835
683 992 752 940 1159 938 1021 992 470 572 838
504 31 1016 65 316 54 1017 856 955 758 1088 745 650
950 992 645 123 276 645 1159 981 1021 208 899 583|563
172 1192 885 888 200 645 123 42 899 380 37 841
1135 593 645 1017 521 225 1078 885 284 899 380 61
580 276 797 540 202 265 966 388 1068|1016 838 362
1164 495 689 31 380 1184 134 803 516 1119 948 362
645 357 1021 955 1078 1044 61 527 878 1134 878
945 864 1017 676 582 856 1134 380 579 744 593 1018
272 900 856 1134 959 172 878 308 380 61 580 276
797 540 744 582 431 72 516 739 955 516 582 875|675 219
569 754 949
# tag: <CLEARTEXT FR B:3.>
676 996 1044 327 676 898 219 292 739 1127 134 1136
582 219 1044 580 588 141 1044 362 676 996 202 1108
276 831 684 797 362 928 481 740 878 226 820 219
1148 938 593 633 196 219 472 787 398 582 245 631 327
134 30 876|878 565 91 23 1194 1122 31 1159 1088 685 1175
835 294 1088 1127 955 54 1017 856 593 1159 616 54 579
663 23 134 1152
# --- p. 2 (I5562)
# tag: <CLEARTEXT FR P?:5>
828 219 583 954 50 294 1021 521 472 955 580 612 593
276 835 764 362 813 583 925 888 1044 103 1088 245 362
178 1016 835 764 1014 308 134 245 362 943 853 742 1084
792 516 557 768 645 590|890 942 927 580 631 200 31 1160
276 762 276 1013 992 879 6 856 1165 787 797 865 1047|1043
572 134 1127 1134 943 276 645 619 299 739 1072 219
22 219 1046 336
# tag: <CLEARTEXT FR P:7.>
868 1077 953 22 739 1134 833 1127 276 844 184 856 219
583 171 13 1016 823 828 838 219 756 930 31 1027 945
902 992 362 828 455 583 946 887 1021 1151 834 284
1127 1164 797 31 758 380 472 79 1077 797 219 563 323
1018 294 593 1041 1016 954 50 838 878 948 219 395
1165 527 1159 1021 878 946
# tag: <CLEARTEXT FR P9.>
1127 1143 936 835 856|858 516 693 13 105 23 569 432
1021 219 202 611 985 202 196 878 185|145 219 537 834 1099
878 31 196 219 907 797 954 580 729 460 172 516 134 768
1165 650 481 582 838 54 579 663 257 593 31 23 949 576
856 569 452|482 992 214 942 664 645 890|590 345 219 1135
63 13 107 29 108|1088 13 582 147 245 362 743 1025 989
695 208 583
# tag: <CLERATEXT FR P:11.>
1148 1021 1108 1014 276 202 945 1164 797 642 831 306
583 435 1103 611 148 86 414 593 583 588 580 838 851
276 414 1088 996 362 532 797 966 583 86 572 1127 838
1136 992 1108 219 754 949 576 856 219 582 1184 1166
219 925 6 579 134 593 1018 797 868 787 874 521 576
1017 744 483 134 498 637 582 1057 134 219 879 45
1017 739 13 105 569 684 1116 196 768 563|583 600 521
495 576
# --- p. 3 (I5563)
576 856 219 583 1184 1018 1016 728 768|760 878
590 565 219 582 422 1159 23 858 945 13 105 23
684|604 955 516 1025 582|502 147 516 401 955 516 828
31 569 245 189|109 797 593 380|300 415 797 31 23 1164
580|500 89 146 740 809 804 1119 878 1074 219 6 9
466 13 119 1088 830 868 521 172 812 31 196 276
570
# tag: <CLEARTEXT FR 4pag/>
89 516 943 645 827 308 362 569 835 749 992
329 593 362 569 780|700 992 380|300 151 219 22 362
1016 1021 280 516 1131 210 276 797 899 828|820 1044
878 1017 282 645 855 219 196 1018|1010 472 787|707 398|898
582 13 105 306 380|300 1174 725 1021 1116 71 865
622 362 37 197 579 992 196 899 925 1148|1140
865 960 949 611 1088 842 640 219 900 725 1011
1179 878|870 77 134 986
# tag: <CLEARTEXT FR 6pag.>
992 645 640 202 1018 362 583|503 979 1088 134
945 650 83 907 992 1077 31 583 445 521 1017
955 13 105 276 408 1016 823 828|820 580|500 125 948
645 116 593 580 125 31 827 308 202 134 1021 834
739 1134 236 842 878 432 994 219 583 1114 100|1008
593 739 1134 530 833 239 739 827 308 942
1027 582|502 739 1134 1047 363 701 739 611 219
1135 1072 942 768 582|502
# tag: <CLEARTEXT FR ? pag>
685 533 1075 582|502 414 593 583 171 1016 58 663
570 380 1021 1165 516 912 308 101 1134 837 582
645 219 582 608|638 23 134 569 583|503 780 1126 828|820
1054 196 31 901 134 582|502 878 308 593 835 208
# --- p. 4 (I5564)
167 1077 362 950 1021 219 583|503 333 992 1159 583
294 1017 1159 797 856 362 582|502 123 593 1159
834 1127 832 521 898 611 942 219 583|503 172 516
1017 1159 834
# tag: <CLERATEXT FR 10pag.>
949 77 1044 745 844 949 725 744 645 248
725 1179 42 842 851 276 414 1088 996 362 265
831 572 631 639 1021 362 1068 1018 306 787 219
582 624 219 460 839 580|500 593 572 835 639 936
837 966 1175 1056 38|30 740 809 828|820 583 949 77
838|830 878 565 1044 362 858 521 898 380 1146 576
922 1165 192 576 922 31 797 593 969 219 285
17 1017 579 72 1088 245 362 743 219 946 989
695 208 196 583|503 580 704 219
# tag: <CLERATEXT FR 12pag/>
864 308 219 583 130 398|390 856 1018 716 797 1057
481 245 276 1025 645 921 219 306 1099 521 635
771 1088 838|830 1157 31 380|300 265 729 460 172 516
134 757|797 633 1088 996 808 377 940 943 1127 257
636 257 582 90 858 898 219 454 1017 228 797
1058|1050 885|805 943 1127 950 797 521 978|970 634 114 521
743 283 380|300 1191 1094 1127 576 381 521 954 579
430|470 729 460 172 516 134 521 887|807 685 1017 878
632 219 6
# --- p. 5 (I5565)
# tag: <CLERATEXT FR P.13.>
527 1017 943 219 920 992 1018 739 807 588 533 219
848 920 520|570 134 77 992 807 992 276 748 308 1021
208 579 836 742 992 228 836 807 588 533 219
# superscript '5' over '7' written between lines above 836 (DECODE read '83 675'); left out
941 527 856|858 516 593 813 217 712 77 992 787 729
460 172 516 134 521 807 685 1017 583 495 537 588 878
219 920 992 1018 739 807 588 533 219 583 743 669
1111 582 820 362 853 579 797 593 219 583 362 920
# struck-through '999' at line start omitted
992 1018 739 966|968 645 727 13 569 1017 718 1116
31 878 943 1127 950 1017 282 936 380|360 265 729 460
172 516 134 797 593 878 836 742 992 228 835 593
31 583 130 398 856 134 377 31 885 265 9 13 107
