# R1074 re-transcribed from the images 5 Oct 2026 (IMG_R1074_I5599_P1..I5601_P3, rotated -90). A clearer hand than
# R1072: 8 has a small upper loop (looks like theta at the start of a group), 0 is a plain o. a|b = doubtful glyph.
# --- p. 1 (I5599) heading: ... No 283, 17 janv. 1758
118 28 90 858 898 219 583 1146 219 196 1022 588 1179
521 1080 110 477 872 898 642 674 119 105 29 899 828 197
516 631 942 140 989 227 1045 226 1044 595 1127 847 835
414 966 649 406 660 435 219 675 27 865 676 314 1174
1124 1159 1088 1112 631 366 402 588 663 308 1106 741
310 1159 1199 198 1024 1134 842 385 1018 683 487 1045
1161 1144 942 487 528 1117 195 498|455 583 13 938 138 432
402 828 1072 798 380 145 197 360 968 887 487 310 938
6 1122 1138 1114 306 193 572 141 1024 1134 943 842 127
974 1138 628 604 1016 560 429 583 64 75 6 1078 888
904 290 1186 1159 389 832 521 898 493 179 631 1013
800 160 1159 309 138 639 1084 572 842 868 107 605
172 812 197 1016 728 134 306 685 435 402 382 199 521
691 162 828 1044 138 719 388 402 583 98 1165 140 13
828 1054 1199 1116 836 1119 800 805 966 835 557 314
799 1028 401 310 1159 927 835 631 911 1112 605
187 1199 134 588 1179 71 927 227 406 660 141 1057
1025 771 27 138 771 942 771 310 219 725 966 388
758 1024 946 13 138 1028 184 282 889 394 194 198
1138 685 200 1104 884 225 1057 1029|1024 455 1021 308
# --- p. 2 (I5600)
1138 833 284 72 219 583 717 227 357 1179 1179 380
455 358 308 1150 310 219 520 1075 970 835 86 878
317 354 1117 813 966 380 1164 856 570 1173 225 137
1045 747 340 219 1148 729 856 1044 780 1045 64 394
32 1045 306 849 199 521 455 310 1018 1028 146 1117
380 1109 1044 179 239 931 1013 1150 310 360 766 489 635
639 197 1000 1144 172 193 1075 196 1028 35 77 569 310 727
72 516 88 89 140 1135 151 310 380 70 13 119 105 107 101
927 818 200 219 812 227 1024 729 807 481 938 685
# next line: one group blotted out after 1018
1175 219 208 985 989 545 856 1018 871 667 1046 380
842 1164 856 138 795 1096 1138 967 1172 827 859 381
13 878 1191 6 482 599 807 514 137 54 579 663 219
975 945 1138 86 310 137 851 227 257 966 1127 754 835
414 13 865 483 1072 219 766 489 138 842 1136 992
1108 1130 483 132 1042 219 382 306 193 1138 1105 164
13 360 163 197 1016 91 138 239 605 1117 878 1017 228
308 219 45 482 446 628 140 367 1195 13 938 219 570
1162 847 483 88 1024 1102 310 1096 876 580 745 1044
# next line: one group blotted out after 1084
1068 1117 1105 355 483 1045 1068 885 1084 460 200
880 1199 239 1162 945 1090 712 660 219 435 310 1117 813
# --- p. 3 (I5601)
470 1138 718 487 219 583 777 1024 638 13 360 604
955 140 1159 869 805 227 1090 607 898 800 1111 1174
1144 521 1191 6 482 633 1111 276 310 219 793 38 105
119
