# R1072 re-transcribed from the images 5 Oct 2026 (IMG_R1072_I5595_P1, I5596_P2, rotated -90, full resolution).
# Glyph rule for this copyist: closed theta-like loop and open double loop (omega) are both 8; a plain small o is 0;
# 'g' = 9, 'b'-shaped = 6. a|b = two readings of a doubtful glyph (first preferred). One line per manuscript line.
# --- p. 1 (I5595) heading: Lettre d'Aff a R Le 6 Janvier 1757 No 123
865 849 11 744 727 582 147 1088 6 743 572 949
576 459 898 984 878 1017 949 307 1134 1018 895 521
661 572 183 276 631 754 306 380 329 572 382|362 749
899 380 970 219 582 414 556 879 773 768 380 265
868 1018 797 593 695 208 308 306 582 329 521 695
208 6 472 245 942 6 629 245 74 820 942 1069
74 820 521 1103 1088 583 948 1021 219 583 610
1020 611 885 1018 637 783 927 568 363 527 572 1116
856 1134 257 202 1045 521 729 707 306 283 999 202
828 31 569 245 470 797 1159 1084 749 219 98 151
1088 780 44 645 823 588 986 729 1078 219 388 1165
527 1099 202 828 432 994 1088 851 955 758 219
1194 856 966 582 414 276 942 1088 316 219 927 687
1018 582 1184 885 307 219 1057 1017 893 219 689 219
1019 261 1018 582 1184 67 885 587 276 414 276 1102
597 276 1096 583 580 1018 885 355 1017 857 580 521
1084 768 833 587 593 845 890 885 71 992 588 1082
979 321 750 954 435 219 582 1184 44 219 582 615 414
1021 885 355 1044 996 1068 219 582 1184 1018 399
1103 219 582 1184 885 472 79 172 911 219 399 868
840 807 1078 885 970 800 265 64 482 1021 787 1008|1088
219 387|307 1088 2 907 1021 196 954 580 593 285 637
582 588 827 1017 885 297 1044 797 996 884 1119
593 885 607 984 835 604 955 362 205 1165 527
633 1088 1122 572 333 955 758|756 828 1044 1127 116 959
# --- p. 2 (I5596)
212 32 768 878 729 79 134 787 1018 292 219 758
380 970 316 797 739 224 219 756|758 1135 868 1160
1142 797 768 380 764 431 219 758 380|386 869 219 729
245 853 912 966 1016 1015 593 885 38 31 380 414
940 835 86 1088 245 202 1122 572 1099 936 885
1146 340 284 820 327 219 391 306 196 527 314 1111
582 835 414 593 31 1159 938 202 996 690 878 432
994 1088 1127 884 30 1103 276 835 1112 973 684 483
645 797 888 31 835 828 729 1088 635 779 889 1122 992
645 307 140 938 1044 878 725 707 835 1184 219 685
570 1021 835 86 942 1112 147 72 569 373 196 828 31
1016 91 316 828 572 780 838|938 548 362 812 1159 225
838 1045 708 856 576 888 1159 1088 1017 245 686
787 1138 1071 1088 208 425 984 134 966 1184 806
1013 992 582 624 974|984 889 749 955 576 1131 200 89
140 899 616 1048 151 740 712 853 588 458 1151 1159
569 362 824 1084 1135 661 1068 1017 959 370 202
292 134 797 225 739 1134 844 735 240 13 105
23 1194 363 527 740 196 722 911 140 31 23 889
749 1196 1018 517 635 207 1049 134 1084 966 645
71 992 588 1179 219 1068 38 927 684 992 200 828
572 884 955 202 582 362 11 13 107 29 118 107
