# R2067 groups from decode/R2067_transcription.txt (hand transcription from the images, 19 Sept 2026), reformatted 5 Oct 2026
# R2067 d'Affry to "B", 17 Jan 1758. Hand transcription from the images (looped digit = 8, '(' = 1).
# Reading order: image P2 (I14815, carries the heading) first, then image P1 (I14814, ends with the closing flourish).
# --- image P2 (I14815) = first page ---
# CLEAR: Lettre d'Aff. a B. le 17 janvier 1758
# CLEAR: No. 283
865 582 875 219 569 452 992 1025 848 345 187 219
828 197 196 1022 588 1179 6 327 13 1119 1088 288
752 1134 868 1193 219 210 1179 835 414 565 483 357
1179 737 227 624 1044 11 828 402 1090 1018 541 314
684 856 248 1162 766 1105 602 946 619 572 134 1068
311 248 936 123 998 381 698 13 389 824 833 698
388 414 765 1119 236 744 927 392 197 1028 284
966 138 388 210 1179 310 1199 940 1115 44 744 800
702 1044 1082 219 828 455 310 402 1130 1192 582
878 885 394 1044 588 940 530 683 487 765 1117
1105 577 1084 685 1014 1144 13 105 360 19 1099
197 867 257 265 942 532 360 314 134 1150 414
633 1028 1045 250 49 954 628 6 225 633 1111
276 13 1159 1199 795 366 225 588 663 388 1018
86 310 572 30 284 354 435 219 1124 942 1199 2
1139 195 567 849 360 172 50 955 140 219 288
690 836 1184 1018 569 835 754 949 371 856 119
1199 927 137 54 579 663 219 306 1099 265 613
633 1028 1045 137 196 1138 876 250 588 579 32 1008
227 816 227 613 402 306 1099 72 1159 745 650 943
239 1024 9 283 138 292 13 388 1146 521 978 219
292 134 927 940 1019 49 950 1018 98 13 105 865
470 922 1179 1115 838 223 140 423 520 1022
# --- image P1 (I14814) = second page ---
1088 6 743 197 196 77 581 487 50 358 521 949
371 959 1596 219 954 417 256 842 138 94 966 1028
624 10 140 1159 138 852 887 1130 367 768 878 191
828 949 371 959 1096 137 284 1127 1199 6 780 1159
1088 1186 11 314 744 727 360 889 732 743 197 929
1199 6 855 521 572 835 842 187 959 141 134 963
630 732 1017 696 194 197 360 139 1028 1186 951
975 197 724 1191 954 417 250 134 553 354 1019
966 148 140 986 1179 1028 760 1014 219 1016 624
1199 842 504 572 1017 282 936 1105 164 899 573
920 1022 6 990 572 134 163 1162 951 572 41 193
866 588 134 506 1024 455 187 388 219 399 355 888
489 766 1162 567 1186 800 588 134 320 189 420
866 1072 219 22 16 310 360 163 366 482 588
663 380 197 758 380 729 1099 793 1044 134 1068
943 883 187 1084 1117 583 302 194 856 680 946
306 1090 413 1084 1018 114 432 1127 119
