# sp53-11-50b.jpg
12;03;06;71;10;08;04;15;67;83;15;35;04;01;70;14;66;65;01;06;04;10;01;08;15;02;32;31;30;08;15;38;65;19;01;53;15;08;02;74;01;69;68;16;81;11;35;97;98;
52;38;07;67;82;01;14;42;65;14;15;09;08;15;02;08;04;10;48;40;71;01;34;52;04;35;05;02;54;70;08;15;01;06;32;47;71;01;14;02;13;35;84;
67;01;17;92;91;14;54;65;37;52;84;74;06;52;54;65;35;37;67;15;15;02;04;38;11;96;69;02;81;01;14;80;08;53;52;02;10;65;01;35;
32;53;08;01;85;19;53;04;34;01;08;13;41;14;41;15;04;06;36;37;14;54;81;14;81;05;06;71;84;67;37;93;02;65;06;43;04;06;53;14;02;42;53;
06;55;56;52;70;15;08;01;02;53;56;44;36;51;10;08;84;06;01;65;37;15;65;06;08;15;12;18;76;52;01;78;33;52;81;01;53;08;02;50;01;14;54;65;
35;39;79;04;70;02;15;01;06;02;15;81;06;08;54;14;06;53;17;42;19;74;33;84;14;15;06;67;54;37;65;51;53;04;33;02;53;06;74;37;04;
33;52;81;45;01;14;33;08;55;84;15;14;76;41;70;32;67;01;08;02;15;67;54;37;08;19;53;04;01;41;74;70;08;38;04;06;74;65;46;12;03;78;33;
67;81;01;14;02;54;70;32;06;15;81;53;04;33;32;51;53;04;33;01;08;54;70;05;52;54;01;02;08;15;35;12;18;54;14;06;53;17;42;
44;06;53;04;73;69;08;42;17;04;54;42;35;84;06;53;15;30;54;37;14;34;76;68;54;35;12;54;08;02;65;01;35;32;01;02;37;53;76;67;01;
51;17;86;42;70;04;01;37;14;02;08;15;06;79;80;52;81;01;53;65;02;19;53;14;02;08;42;53;06;85;35;01;84;08;38;04;67;38;
47;30;15;51;54;14;06;53;17;42;52;42;67;54;04;01;06;58;32;95;01;06;67;04;06;49;06;71;15;08;52;38;59;08;
35;02;32;41;67;81;38;65;54;14;06;36;67;70;02;65;15;06;74;01;05;35;02;53;04;06;54;08;15;72;06;71;84;15;08;01;65;54;
06;84;67;37;93;02;08;06;32;96;01;85;37;02;33;56;87;53;67;54;70;04;01;35;02;08;38;37;38;14;01;74;06;14;15;54;14;06;91;53;52;15;
70;02;67;66;32;01;08;67;38;65;70;19;30;02;53;04;37;14;15;54;65;89;03;35;77;82;12;

