# letter C: code runs in order, one run per line (from the transcription files)
280
693 71
460
405 73 611 605
105 455 51
278
173
643 242 276
587 716 91 517
48 53 67
805 63 276
224
497
208 75 331
224
224 460 91 224 103
229 753
624
565
832
639 580 438 635
242
476
832
303 639 117
224
264 771 241
624
832
278 73
583
405 731 661 417
83
615 100 105
709 276
429
203 109 795 478
224 557
151 878 170 64 771
438
105 609 71
224
197
467
280
625
832
91
405 709 543 62 47
224
179 513
351 116 195
565
73 265
78?
785 572
805 583
208 97 112?
626
565
728 36?
100 764
314
78 54 53
377 283 55
748
224
197
124?
832
147 639 49
823
791
356 478
657 764
