# letter B: code runs in order, one run per line (from the transcription files)
403
405 709 543 272
580
499
224
165 449 85 71
602
189 208 272
204 75 195
147
665
224
948
403
1010
632 403
48
419
609
307 96 438
224
948
58
261
438 598 242
476
147
988
96 407
632 403
224
296 824 657 693 75
438 476 242 979
609
195 490 639
224 578 659 438
602
150
240 97
417 403
438 327 70? 513 75
831
293
263 824 5?
78 201
602 977
993
464
224
585 96 826 67 49
443
469 71
96 124
623 195 71 218 478 71
124
224
203 91 693
632 263 195
632 261
513
623
580
438
189 50?
224
988
203 9? 764
