# letter D: code runs in order, one run per line (from the transcription files)
227 977 856 224 823 71 704 588 450 816
233 609 823 693 639 779 208 773 321 226
214 565 608 91 405 605 837 694 91 135 729
639 208 263 861 264 405 472 265 227 988
284 878 272 98 263 577 331 332 227 665 806
434 331 764 823 71 823 694 372 91
118 852
226 82 565 513 67 223 718 208 62 588 450
64 135 856 50 821 820 176 62 716 859 58
819 856 224 6?
402 285 169 774 229 362 96 165 806 74?
263 399 237 208 175 570 132 321 284
819 279 841 243 405 709 543 48 777 276
166 225 557 190 375 91 405 472 263 402
335 722 526 62 470 226 856 227 148 693
51 284 279 845 218 827 485 98 264 878
436 93
