410 17
410 17
405 17
235 740
590 390 740
33 125 390 368
235 705 33 904 740
66 741 235 495 17 740
510 460 156
13 840 740 170 72
390 415
390 34
861 2 840 32 844 405
413 125 350 297 2 3 226
634 368 2 61 717 390
634 368 298 554 527
1 520
820 820 550 368 2 220 740 90
14 220
797 740
817 2
817 2
61 740
4 390
817 2
90 308 2 236
803 740
692 60 3 426
390 3 3
820 2 236
705 50 740
405 740
740 386
700 892
817 2 3 390
920 60 31 592 31 32 842
235 482 740
717 575 60 844 390
692 60 531 740
892 647 741 67 740
861 2 32 176 740
235 240 740 151 31 32
861 2 235 222 740 31 32
456 741 740 530 32 850 31 32
713 790 790 740 31 32
861 2 235 222 740 31 32
32 226 32 817
861 2 125
240 100 740 151
767 368 1
388 526
817 2 240 636 740
55 161
817 2 803 233 520
31 32 690 151
34 287 365 2 101 740 140 840 31
590 390 740
317 920 2 16 740
817 2 803 235 520
741 298 2 717 140 740
500 31 2 221 740 90 521 521 817
579 250 741 233 803 740
240 705 33 803 233 151
817 2 32 220 231 740
920 60 1 240 232 140 615 590
920 60 740 31 590 390 161
31 920 400 740
920 60 741 3 429
100 740
495 790 31 790 151
230 156
850 480 1 2 32 226 2 702 128 390
15 140 822
632 390 400 375
817 2 1 240 233 320 920 740
32 892 151
19 156
808 93
856 2 803 416 220 879 740 165 244
495 460 520
861 2 416 740
460 520
705 717 388 154
32 790 407 590
861 2 16 390
615 615 142
233 706 33 520
590 407 100 740
820 611 388 820 850 480 1 820 820 798
861 2 31 382 151
240 220
445 760 740
32 220
371 390
838 923 740
861 892 892 140 236
117 615 615
33
914 740 527
16 220
33 235
142 740
692 60 240 603 740
692 60 798 240 220 520
806 55 740
220 240 740 90
519 740
400 154 440 220
415 220 520
34 700
220 220 740 804
32 1 904 31 740
390 35
905 745 4 405
400 156 435 255
550 60
3 220 740 90 400
231 151
400 31 384 156
820 2 5 900 740
554 740
831 892 400
678 400
156 176 741 60 920
700 33 711 817
861 2 798 320 920 17 575 740 400
176 740 400
240 233 503
32 140 156 400
176 740 400
400 740 760 605
869
382 740 400
255 435 154
817 2 240 904 740
98 400
220 520
861 2 103 740 90
820 798 740
255 520
803 415 220 318 920 255 436 690 590 407 740
3 140 100 740
32 862 2 520 500 220
233 315 921 70 760 740
924 740
455 740 400
413 575 335 711 33 700
861 2 3 220 760 151
176 100 740
220
740 785 4
33 590 416
416 220 767 740 400
220 550 525
2 5 405
240 904 740
32 226 400
16 220
1 900 165 400 255 400
66 741 103 740 90
803 415 231 706 33 520
413 575 335 740 32 700
740 31 1 140
435 3 550
171 33 700 415
550 60 590 390 740
5 405
140 61 740 400
740 31 1 140
829 615 615 400
455 220 2
255 435 156 400
137 400
590 745 4
590 741 371 455 4 390
516 775 400
231 176 740 565
140 1 31 740
817 2 4 390
126 515 740
171 33 240 630 740
400 740 100 240
798 797 840 760 740
861 2 35 405
240 904 740 400
2 61 702 740
491 920 32
176 740 590 892 352 297 400
233 220
90 400
231 176 740 565
741 368 400
717 415 100 90
31 384 740
235 176 740 400
692 60 240 636 740
67 143 740
32 790 407
717 740 400
104 4 405
700 33
1 34 700
520 240
820 2 382 760 382
491 817 740
491 817 740
740 760 240
400 740 67 100
415 100 740
892 740
176 740 400
3 390
3 861
740 176 220
516 775 400
740 760 240
413 892 824
416 861 2
920 60 415 220 520
382 760 740 400
110
798 797 840 760 740
803 240 415 220 520
416 861 2
3 390
15 32 740 400
920 60 741 350 504
175 176 100 740 400
809 809 740 400
240 233 740
700 33 400 740 388
556 534
3 405
832 740 400
221 740 151
222 740 151
222 740 151
832 255 70 520
32 420 455 2 61 740
240 520
255 435 690 740
416 861 2
390 155 4 390
98 400
233 520 400
140 156
550 525 400 34 700
31 101 740 90
637 740 400
840 32 740
861 2 590 390 740
33 111
28 32 740 400
790 790 176 740 400
27 32 740 400
519 176 740 400
3 550 615 615
90 400 740 90 400
141 740 400
118 153 400
590 892 350 298
233 236 400
840 32 740 400
798 240 235 320 275 740 400
740 690 435 255 55
235 240 740 90
231 390 100 740 90 400
413 575 335 711 33 700
176 740 400
920 60 741 350 504
467 806 154 400
705 630 175 100 740
861 2 175 752 740
235 705 33 176 740
255 436 690 740
137 400
817 2 62 142 740
415 240 495 460 752 740
480 805 158
705 34
235 520
34 700
470 838 158
360 293 2 3 405
554 525 400
408 3
546 2 140 61 142 740 33 33
97 151 400
33 33 520
27 32 740 400
803 233 176 435 690 740
235 242 740
820 2 3 390
413 575 335 711 33 740
97 400
25 32 740 400
14 32 740 400
32 700
137 400
201 60 31 176 740
590 705 868
1 415 365 798 740 400
255 204 540 740
413 575 335 711 33 700
368 91
125 700
27 32 740 400
790 3 550 615 615
692 60 61 760 740
416 861 2
235 240 740 90
33 61 142 400 740
3 700
255 435 156 400
415 578 32 876
235 923 740
347 741 176 740 90
360 257
820 60 869
820 2 554 526
692 60 240 603 740
413 575 335 711 33 700
61 740 840 413 682
413 575 335 711 33 700
742 390
3 156
840 32 740
700 33
176 740
852 400
382 220 16
1 33 415 175 740
176 740
861 2 240 482 740
503 17 740 400
824 2 240 33 33 760 740
900 368
503 16 740 400
34 700
413 575 335 711 33
34 700
95 390 2 4 220 740
475 806 158 400
240 176 740 400
798 17 575 740 400
220 236 400
809 809 740 90
240 176 740 400
630 740
550 60 803 740
511 32 142
892 892 31
3 156
861 2 920 817 408
176 156
176 156
91 368
140 741 97 161
440 740 400 840 712
690 154 400
235 740 151
33 590 416
817 2 1 4 405
317 272 637
861 2 4 407
440 740 400
3 154
98 400
347 741 176 740 90
491 817 740 400
861 2 470 806 154
240 152 740 400
347 741 176 740 90
33 615 615 3 154
415 100 740 90 400
236 400
226 400
575 869
900 365
33 700 220
892 590
741 32 840 700
400 137
33 33 520
3 156
690 158 400
3 861
861 3
32 700
347 741 176 740 90
681 740 400
3 156
3 156
3 156
3 156
3 645 32 590
3 156
3 156
3 156
3 156
3 156
3 156
3 156
3 156
3 156
3 156
3 156
3 156
276 817 740 400
831 892 400
413 575 335 711 33 700
142 151 400
3 156
25 32 740
33 33 520
3 156
347 741 176 740 90
347 741 176 740 90
347 741 176 740 90
370 31 745 13 840 740
347 741 176 740 90
34 700
416 740
692 700 318 920 740
34 700
820 1 60 869
221 158
220 32 590 690
220 32 590 690
717 740 400
440 740 400 840 712
415 220 520
413 575 335 711 33 700
352 400 520 400
32 220 240 233 520
140 61 740 400
494 3 158
705 717 388 740 400
220 236 400
61 142 400 740
32 790 740
140 920 55 1 125 920 700 326 90
861 2 240 482 740
255 435 690 740
692 60 798 240 233 904 740
817 2 540 740
526 550 233
817 2 4 390
861 2 49 233 520
817 2 491 692 100 740
817 13 3 426
33 220
413 137
921 690 2 32 220 235 806 3 900 32 590 405 740
32 700
745 700
861 2 31 892 803 740
33 220
467 806 158 740
491 817 740 400
165 32 740
240 590 390 740
740 690 636 240
817 2 235 804
233 550 527
692 575 595 820
615 615 440 745 176 740 232
703 615 611 2 17 585 740
51 63 220
902 140 920 32 384 193 706 920
625 776 32 1 890 317
250 542 1 692 440 920
921 690 2 706 33 590 405 740 1 354
17 220
380 380 125 18 596 302 820
817 2 235 240 220 803 255 435 690 740
817 2 503 615 760 740
56 415 60 240 772 740
201 60 240 233 520
550 60 806 32 220 255 435 690 176 740
817 2 806 235 233 555 527 61 405
321 405 2 806 233 320 920 740
233 705 33 176 626 740
55 235 705 33 806 3 900 740
820 1 798 240 231 388 740
760 877 740 1 468 806 154
640 140 595
923 740
146 742 220 798 740
531 740
803 156
920 60 745 235 240 231 590 390 740
165 831 368 1 235 798 740
817 2 235 380 740
32 690 405
892 31 2 803 798 235 706 33 520
820 2 101 740 90
235 320 920 740
482 752 740
3 430
3 550 615 615
125 406 741 590 406 740
861 2 240 639 740
706 33 520
817 368 3 390
125 861 2 4 390
692 60 176 740
57 159
235 231 752 740 468 806 158
910 740
820 2 3 900 740 621
201 60 1 255 435 690 740
3 140 100 740
717 100 740
240 921 70 520
28 32 740
950 243 615 615
31 592
72 390 2 3 220 740 90
61 740
491 3 390
16 390
142 615 615
32 125 610 2
590 390 740 400
132 175 741 235 240 100 740
910 740
850 315 741 415 100 820 595
3 156
741 455 220 2 17 390
817 2 220 220 520
31 460 520
703 615 740
820 840 32 740
920 60 741 240 232
440 192 280 368 521
692 60 253 70 520
615 2 416 220 518 176 156
700 892
870 740 368
16 220 520 920 861
400 565
316 323 530 748
740 760 440
861 2 1 16 407
550 60 556
861 741 240 630 740
806 415 220 717 740 705 33 520 97 159
165 244 861 2 31 220 235 740 61 409
717 125 812 595 2 806 231 705 33 845 32 409
798 231 233 740 845 407 471 806 154
692 60 798 415 220 554 740
861 2 3 220 590 405 740
861 2 806 231 773 740
817 2 233 705 33 388 443 740
388 740
503 861 368
817 2 32 384 740
235 233 2 70 3 900 32 405
692 60 832 811 267 740
32 877 740 1 469 806 154
193 892 203
31 467 806 154
13 840 740
235 240 520
820 2 220 630 794 706 33 61 405
918 740 63
193 60 17 407
468 806 154
140 706 64
817 2 1 467 806 154
216 861 367 1 176 740
49 740
503 615 154
590 405 740 1 472 806 154
468 806 154 400
817 2 97 161
231 798 176 740
440 740 400 840 712
503 17 740 400
920 60 741 5 368 705 167
820 820 740
817 2 31 706 151 33 700
717 740 400
176 100 740
368 330 741 590 390 151
840 32 740
920 220 892 202 400
920 220 892 202 400
142 615 615
840 32
495 460 740 400
415 100 740 90 400
470 806 158 400
465 806 158
354 460 798 740
240 590 390 740
33 142
33 142
798 415 220 740 400
806 235 590 405 740 400
850 741 48 740
621 705 204 240 636 740
472 806 158 400
55 255 435 690 921 400
615 615 898 740 400
118 156 400
352 400 520 400
400 520 400 353
137 400
740 337 484
484 337 740
176 336 740
171 35 415
736 904 158 400
736 904 158 400
736 904 158 400
615 615 892 740 400
220 220 72 520
820 2 240 220 520
519 177 740 400
176 740 400
679 840 32 740
740 636 240 60 692
91 500 740 390
803 233 32 904 740
142 1
233 520 400
33 700
240 233 804 400
335 740 400
798 240 233 320 920 740 400
233 520
240 100 740 400
501 405 2 240 520
501 405 2 240 520
501 405 2 240 520
501 405 2 240 520
501 405 2 240 520
501 405 2 240 520
501 405 2 240 520
501 405 2 240 520
501 405 2 240 520
501 405 2 240 520
501 405 2 240 520
501 405 2 240 520
501 405 2 240 520
501 405 2 240 520
920 455 220 2 803 706 33 17 585 740
615 615 742 803 798 415 220 55 482 740
745 717 420 595
904 32 305 2 240 17 585 740
501 405 2 240 520
501 405 2 240 520
803 415 220 318 920 255 436 690 590 407 740
803 415 220 318 920 255 436 690 590 407 740
803 415 220 318 920 255 436 690 590 407 740
803 415 220 318 920 255 436 690 590 407 740
803 415 220 318 920 255 436 690 590 407 740
803 415 220 318 920 255 436 690 590 407 740
803 415 220 318 920 255 436 690 590 407 740
90 400
400 740 760 605
3 156
740 783 4
740 783 4
817 2
817 2
32 511
920 17 575 740 400
706 630 336 151 400
240 636 740 400
400 156 435 255
495 776 740 400
171 32 31 240 636 740 400
416 220 740 760 400
27 32 740 400
59 32 740
740 255 61
840 32 740
900 368
176 740 400
176 740 400
3 231 740
178 740 400
176 740 400
176 740 400
176 740 400
176 740 400
176 740 400
176 740 400
415 220 520
240 520
240 630 690 740
28 32 740 400
240 100 740
31 384 156 400
13 840 740
156
235 717 741 400
220 520
829 892 400
829 892 400
34 390
626 32 840 13
176 336 740 400
877 861 740
220 550 526
33 700
415 220 520
98 400
240 639 690 740
13 60 32 740 400
176 740 400
176 740 400
176 740 400
176 740 400
176 740 400
176 740 400
220 550 526
692 60 240 636 740
740
797 760 740
263 741 565
415 220 520
3 154
31 384 156 400
741 390 741 31 705 33 368
700 36
33 700
920 632 930
632 930
201 60 798 415 240 55 740 555 527
817 2 806 231 706 33 520
625 480 31 2 235 590 405 740
920 60 235 504 31 740
863 2 806 236
817 2 3 390
503 702 2 240 176 740
861 2 830 840 368
820 1 240 440 740
831 741 32 220 233 161
140 388 443 740 1 4 407
550 60 240 740 679
31 240 740 90
484 337 740
861 2 32 220 241
216 861 2 798 585 740
728 390 741 240 590 390 740
3 900 702 741 240 100 740
61 142 400 740
266 740
700 742 590 390 740
32 172 2 705 33 520
808 817 2 706 33 520
416 2 3 798 740
575 861 368
817 2 231 555 527
705 940 2 3 900 740
13 840 760 740
820 2 2 900 585 740
545 576 861
900 484 482 900 740
416 740
455 752 595 1 138
817 2 235 770 740
790 590 405 740
550 60 233 840 32 740
3 156
817 2 803 233 520
32 220 740 90
175 520
140 527
820 2 820 595 350 294
795 60 590 390 740
871 390
5 900 740
528 833 111
820 2 16 220 151
32 590 741 350 460 798 740
31 156
4 407
700 741 33 904 740
61 740
31 350 400 520
31 706 33 520
61 171 35 740 90
690 60 511 269 740
137 400
32 877 740
33 5 900 740
741 31 221 400
803 415 220 17 575 740
390 3
861 2 32 70 590 390 740
260 368 2
32 220 233 717 740
220 140 530
590 125 2 550 527
615 1 892 892 590 892 740
33 812 125 354 304 1
550 740 632 595
820 2 806 240 233 705 33 520
806 740 61 405
263 365 798 240 233 740 140 845 407
798 240 706 33 95 520
17 590 740
692 60 4 407
484 626 503 7 740
740 790
32 220 740
468 806 154
806 565
104 554 527
468 806 154
820 140
806 368 235 590 390 740
806 368 235 590 390 740
176 740
817 2 240 904 740
233 520 400
231 798 176 740
231 798 176 740
820 2 137
55 255 435
440 740 400 840 712
820 2 137 33 700
503 16 740 400
503 16 740 400
820 60 550 526
904 705
900 165 480 1
861 2 4 405
794 740
840 32 740
465 806 158
465 806 158
15 460 798 740
354 460 798 740
240 590 390 740
175 176 100 740 400
240 482 752 740
240 482
798 415 220 740 400
806 235 590 405 740 400
806 235 590 405 740 400
806 235 590 405 740 400
806 235 590 405 740 400
806 235 590 405 740 400
561 500 741 5 407
440 100 740
440 100 740
220 440 154 400
826 65
798 415 220 740 400
235 233 705 33 740 400
416 840 151
840 257 32
741 530 390 2 803 798 740
413 575 335 711 33 700
716 32 31 741 803 740
104 4 390
817 4 390
240 233 740
61 142 400 740
240 904 740
690 740 400
255 740
415 220 520
400 740 176 700 33
255 740
16 220 520 400
33 384 740 400
896 154 400
896 154 400
235 232 400
220 442
370 455
809 809 158
415 100 820 32
490 692 337 740
171 35 415
337 740 400
235 220 176 740
235 220 176 740
235 220 176 740
736 904 158 400
491 920 2 176 740 335 740 317
35 368
892 400
400 820 100 415
220 220 72 520
590 390 740 400
18 336 740 400
18 336 740
240 520
740 636 240 1 692
740 636 240 1 692
692 60 240 636 740
840 32 740
137 2 820
820 2 554 526
255 436 690 740 400
817 2 495 615 740
140 400
790 740 400
861 740 400
195 527 400
705 31 100 740 400
100 740
615 615 892 740 400
615 615 892 740 400
220 233 268 760 740
231 177 740
400 740 335 3
235 590 390 740
501 405 2 240 520
501 405 2 240 520
501 405 2 240 520
501 405 2 240 520
501 405 2 240 520
501 405 2 240 520
501 405 2 240 520
501 405 2 240 520
501 405 2 240 520
501 405 2 240 520
501 405 2 240 520
501 405 2 240 520
803 415 220 318 920 255 436 690 590 407 740
803 415 220 318 920 255 436 690 590 407 740
803 415 220 318 920 255 436 690 590 407 740
13 840 740 400
380 705 200
400 740 760 605
400 740 760 605
400 740 760 605
400 740 760 605
817 2
234 400
226 400
413 575 335 711
17 590 740 400
176 336 740 400
337 740 400
125 700
590 705 868
590 706 868
240 231 520 400
491 817 740 400
240 760 740
2 840 32 740
171 32 31 240 636 740 400
229 151
416 861 2
416 220 760 740 400
33 415
59 32 740 400
27 32 740 400
32 740 400
240 636 740
61 255 740
31 520
31 520
13 840 740
13 840 740
220 840 740 400
900 368
900 368
900 368
4 900 740
400 740 176
176 740 400
176 740 400
176 740 400
415 220 520
520 220 415
415 220 520
520 220 16
592 158 400
592 158 400
234 400
234 400
236 400
33 700
229 151
32 220 710
33 700
564 740
556 550
240 235 740 90
178 740 400
176 740 400
176 740
176 740 400
176 740
240 636 690 740
240 636 690 740
28 32 740 400
526 550 233
740
382 760 740
137 400
176 740 400
176 740 400
31 388 740
240 637 740 400
255 435 156
176 740 400
171 32 31 240 636 740 400
590 407 740
817 2 233 803 740
495 776 740 400
32 632 504 31
920 60 741 2 140 269 36
125 741 803 240 233 520
741 530 455 220 1 838 176 100 740
900 3 220 740 70
368 32 590 861 368 2 255 435 690 740
900 836 415 717 740
630 741 17 585 740
335 220 785 895 350 543 740 400 947 871
820 60 240 740 90
531 740
5 405
216 151
33 33 151 866
33 820 2 440 440 740
575 252 2 93 760 740
82 132 65 220 2 231 520
817 2
491 285 2 335 740 411 440
861 2 226
390 590
717 440 790 790 861 2 31 760
3 17 151
390 4
255 250
740 165 60 550
892 31 13 15
740 690
803 233 176 740
32 700
91 56 2 417 890 892
91 56 2 417 890 892
91 56 2 417 890 892
91 56 2 417 890 892
91 56 2 417 890 892
91 56 2 417 890 892
91 56 2 417 890 892
820 2 390 817 740
861 2 3 390
861 2 33 520
32
3 405
180 740
3 832 390
231 520
706 346 413 60 33 813 306 480 1 215
17 575 740
416 840 60 3 220 590 390 740
125 590 392 2 235 717 104 615 760 740
95 812 2 233 550 527
31 575 2 233 100 740 90
235 555 526
817 2 778 255 435 705 590
4 154
820 2 31 415
491 4 390
820 60 142 156
13 840 740
235 482 740
166 111 60 240 798 740
920 60 741 590 406 740
861 368 480 3 390
233 176 740
720 405 65 60 1 3 422
406 390 892 104
220 100 151
626 861 2 315 520
817 2 233 740 90
3 156
390 590 151
634 741 220 236 440 411
392 861 2 176 740 233 388 527
55 798 2 190 409
390 741 32 226 685 865
235 231 555 527
527 550
233 176 740
740 912
550 740
840 32 740
740 861 140
221 2 231 806
820 2 240 806 740
2 825 60 32 220 233 840 32 740
262 615 63 1 5 405
861 2 235 555 527
140 407 60 3 423
817 2 832 255 70 520
15 409
519 415 220 520
63 32 790 700 390
5 154
235 240 904 740
590 540 2 605 760 740
920 60 803 32 220 904 590 407 740
31 56 705 575
140 32
820 60 443 740 550 527
705 500 741 1 55 220 740 90
705 500 741 1 55 220 740 90
705 500 741 1 55 220 740 90
705 500 741 1 55 220 740 90
705 500 741 1 55 220 740 90
861 2 236
861 2 236
615 615 2 240 220 233 520
692 31 1 15 140
920 60 4 220 388 740
550 2 415 390
705 33 520
817 2 48 740
817 2 48 740
817 2 48 740
817 2 48 740
817 2 48 740
817 2 48 740
817 2 48 740
817 2 48 740
817 2 48 740
817 2 48 740
880
32
705 500 741 1 55 220 740 90
820 2 482 740
111 590 317
575 220 60 32 226 233
861 2 31 100
156 31 240
91 840 413 831
740 5
46 31 32 741
171 35
480 1 235 482 740 406 742
480 142 740
679 740 575 17 798
4 390
861 2 415 220 705 33 520
861 2 176 151
91 500 741 240 416 840 740
235 550 527
740 952 740 240 760 740
388 527
615 615 703 400
235 740 565
817 2 506
806 233 845 407
3 390
920 60 741 440 740
33 810 892 269 2 240 845 32 740
235 798 740
31 125 455 220
550 60 679
545 908 101 740 90
146 924 161
705 820 831 740
817 2 142 615 615
3 407
595 803 153
158 32
690 435 760 740 400
32 390 741 1 760 740 194 740 817
820 2 350 543 740 550 1 368
820 820 740
692 1 467 806 155
615 615 741 176 100 740
820 2 844 390 621
391 595 850 480 1 820 820 706 501 368
700 700 400 400
468 806 154
803 504 595 2 240 832 255 70 760 740
16 853 90 440 760 740
32 632 125 190 2 615 615 600 390
920 204 595 1 752 740
861 2 3 390
820 2 32 921 72 760 740
176 740 140 840 64
590 33 455 31 12 31 220 286 2 255 435 125
518 2 142 604 740
250 31 1 518 81 892 400
806 798 415 220 790 900 740
171 35
12 440 1 820 2 32 382 520
683 861 2 231 222 740 90
844 390
190 190 740
817 2 555 527
844 390 400
630 740
233 804 400
920 60 741 42 740
746 130 400
861 2 605 760 740
142 615 615
550 527
892 741 235 240 151
33 93 2 705 632 140 480 31 215
861 2 240 519 760 740
176 740
820 2 42 740
233 520
817 2 176 740
803 161
440 741 240 220 520
235 798 740
29 32
817 2 220 520 621
125 705 320 2 803 233 773 740
31 371 405
817 368 503 17 760 740
97 151
503 615 752 740
861 2 240 495 615 740
740 760 440 240 220 2 861
820 2 521 400 31 64
309 165 1 3 427
556 66 240 636 740
817 2 240 415 100 740 90
820 60 235 240 923 740
3 158 400
32 840 2 268 760 740
371 31 741 844 390
820 2 220 32 220 803 740
820 60 235 240 455 740
235 233 555 527 400
817 2 49 760 740
705 255 435 798 2 61 142 400 740
817 2 17 585 740
31 592
590 820
142 156
415 100 740
3 156
503 615 752 740
806 923 740
920 156 2 3 140 100 740
575 590 741 240 520
856 2 32 220 740 565 1 416
240 503 17 740 400
140 900 390 741 838 740
140 746 142 615 615
2 861 96
175 520
503 615 740
820 1 202 645
550 60 690 740
861 2 176 740
17 585 740
31 156
590 405 740
97 151
745 171 32 31
1 220 140 416 31 565
920 60 176 222 740 413 575 790 790
605 700 32 226 32 865
235 240 55 151
820 2 803 322 920 390
920 60 741 240 350 504
590 892
140 919 520 32 861 2 220 220 70 520
920 60 741 592
920 60 741 590 390 151
820 60 231 798 740
861 700 31 243 615 615
235 388 740
240 772 740
891 60 32 226
861 2 132 924
407 5
326 252 268 360
16 390
390 90 390 176 740
323 920 390
140 176 740 400
817 2 235 706 33 555 527
703 615 740
817 33 927 740
31 240 100 740
260 368 2 455 740
705 167
391 595 850 480 1 820 820
61 151
891 60 31 484 337 740
768 2 840 32 740
803 798 415 220 1 760 740
861 297 820
104 645 590 235 240 740 90
142 2 32 220 904 740
550 60 690 740
692 60 705 33 923 740
820 2 3 390
861 2 240 637 740
832 861 2 798 740 233 72 520
572 60 32 761 350 298
220 220 151
892 31 2 31 55 820 820 368
240 838 585 740 400
70 70 2 31 61 171 35 740 90
415 220 717 740
692 252 2 156 61 151
278 220 958 741 838 240 32 220 70 520
32 632 892 350 296 400 790
503 460 740
877 3 156
3 390
820 2 531 390 621
906 741 240 255 435 690 740
3 140 100 740 400
861 455 740 840 32 740
121 740 1 31 240 520
820 2 32 220 240 55 161
817 2 4 390
240 415 220 520
861 2 798 415 220 705 33 752 31 590 407 740
176 740 832 241
233 520
820 60 220 798 740
692 60 235 240 226
615 615 741 4 390
260 368 241 900 817
220 798 550 527
240 639 740
820 2 388 740
803 335 760 740
555 527
240 235 83 740
877 61 740
3 220 520
859 741 384 740
820 2 1 474 806 154
236 705 33 61 405
201 60 32 590 390 740
4 900
861 2 4 390
762 741 31 350 400 520
13 840 740
817 2 4 390
260 4 390
692 60 31 741 165
817 2 19 760 740
503 615 752 740
510 460 740
5 140 820 32
49 740
790 790 252 741 510 460 740 33 615 615 450
820 2 176 415 100 740
480 480 749
717 740
240 13 840 740 400
803 233 520 400
353 460 742 798 235 455 740
125 861 740
5 390
32 125 610 2 240 233 705 33 520
240 13 840 740 400
315 63 220 255 220 260 760 740
235 803 740
820 60 235 233 705 33 520
13 840 740
742 806 415 220 717 904 100
798 240 845 63 407
511 455 2 5 390
240 233 740 679
817 368 220 520
798 705 33 840 32 740
255 740
705 33 923 740 1
817 2 590 390 740
820 717 2 32 220 255 435 690 740
920 60 742 440 1 100 740
255 70 741 3 645 740
760 740
503 17 740
820 2 803 240 220 520
393 65 220 510 460 740
861 2 15 390
840 32 740
921 72 520
262 741 803 220 520
803 740
920 60 741 3 220 520
745 125 400
503 615 752 740
702 33 415 100 740 200 906
503 615 740
806 235 233 705 33 585 407
416 232 97 151
752 740
34 700 97 151
817 2 72 406
556 527
371 255 861 368 1
521 32 717
33 615 615 564 2 231 705 33 465 298
692 60 235 240 773 740
244 65 880 820
861 2 240 923 101 740 140 845 407
632 140 706
745 311 31
455 267 2 806 235 706 33 32 70 61 405
371 892 202 368 2 233 590 390 740
125 304 368
817 2 503 776 740
861 2 176 740 90
171 35 130 820
560 814 2 16 390
55 740 932
513 460 36 861 2 5 390
861 2 32 692 362 740 1 350
920 1 235 220 520 692 60 482 740 368 192 871 842
140 906 2 235 240 740 90
595 706 243 615 615
692 60 531 740 90
861 2 416 840 760 740 374 892
503 455 220 2 806 235 240 55 740
806 235 240 503 17 752 740
820 60 233 511 269 740
817 2 3 390
112 2 233 382 923 32 740
374 372 405 2 176 336 740
107 2 231 233 590 390 740
329 906 368 2 32 220 630 794 740
415 220 520
32 632 125 390 2 235 240 32 220 255 435 690 740
5 475 527 2 391
820 125 405 2 235 233 240 636 740
817 2 240 550 527
373 55 2 231 798 740
317 920 2 803 705 33 760 740
32 840 302 1 2 831 615 615
215 65 220 2 235 240 798 740
861 2 235 760 740
920 368 60 460 820 390
190 600 350 300 2 32 220 240 550 527
820 2 798 240 705 33 17 585 740
140 390 741 235 350 460 798 740
717 504 2 803 235 415 220 32 904 740
140 900 190 297 2 16 220 740 90
820 2 798 705 33 240 236
840 611 550 60 235 32 877 740
693 2 798 231 32 226
817 2 503 460 740
920 60 742 3 368
550 60 555 526
4 220 60 706 33 520
575 706 1 31 220 520
575 111 60 900 165 740 457
920 60 742 176 740 90 518 690
692 60 231 803 740
692 390 2 32 226
95 390 2 142 279 151
861 2 3 140 705 255 740
897 520 400
140 704 575 595
817 2 4 220 520
861 2 803 390 832
545 32 344 740
861 2 233 240 100 740 688
817 368 60 3 156
70 615 615 2 240 555 527
390 550 207 2 222 740
796 18 390
920 368 1 240 765 740
272 81 741 233 520
700 820 2 231 705 33 520
104 890 400
233 388 527
235 32 734 794 740
817 2 31 13 840 740
416 255 861 2 32 220 798 100 740
84 814 2 350 460 798 740
345 741 240 3 156
3 220 590 390 740
165 111 2 3 390
4 156
255 435 156
900 17 585 740
119 368 2 215 740
861 2 705 255 740 90
817 2 168 740 503 390
545 900 3 154
820 2 4 390
853 235 220 740 90
260 940 2 233 565 740
820 550 798 65 220 820 413
140 287 2 415 220 879 740
820 820 1 233 320 920 740
684 572 741 382 16 220 760 740
920 60 741 840 32 740
416 297 2 440 760 740
190 301 2 803 176 140 844 390
817 2 13 840 176 100 740
820 2 55 803 220 705 33 520
861 2 803 233 705 33 772 740
563 900 32 632 125 390 2 484 337 151
346 840 741 585 100 740 858
798 233 790 900 740
705 33 520
72 368 93 400
32 220 923 740
692 60 550 551 520
176 741 220 740 565
705 500 741 803 923 740
360 741 235 240 233 520
144 2 32 220 94 740
790 390 741 590 390 740
545 3 156
388 906 812 255 220 240 550 527
692 32 872
31 705 33 520
545 908 31 16 220 740 90
5 900 740
361 741 236 832 33
455 440 65 220 2 336 740
861 2 140 136
840 252 2 32 205 740
817 2 240 415 100 740
880 142 400 740
692 60 920 255 740
520 455 220 2 803 226
556 817 740
550 60 440 760 740
832 740
864 65 220
861 2 772 740
190 130 269
898 257 2 415 220 520 621
31 176 740
820 1 798 233 790 900 740
550 60 16 390
579 250 741 48 740
741 820 2 31 243 151
3 122 615 615
3 550 551 840 760 740
820 60 415 220 520
817 2 61 142 740
861 2 806 240 844 390
861 741 32 70 61 406 923 740
692 60 806 233 923 740 61 407
850 786 220 1 18 405
806 320 900 388 740
820 2 32 220 923 740
690 740
803 2 3 390
16 390
3 390
621 740
502 295 2 175 520
297 60 233 520
853 101 740 90
220 520
240 520
5 156
31 156
176 740 436
843 156
125 90
702 521 700
5 156
5 900 740 90
853 900 32 590 350 298
741 836 368 495 861
97 161
817 2 550 551 840 760 740
861 2 240 415 100 740 90
820 2 222 740
61 151
820 60 31 241 400
220 81 741 590 390 740
817 2 61 740
820 1 904 832
831 892
240 520
231 740 151
903 861 368
165 31 2 220 100 740 90
388 740 33 413
346 390 2 384 740
820 267 400
33 151
717 151
233 32 877 740
428 220 400
456 527
820 2 32 220 335 760 740
255 277 244
740 705
5 405
880 2 241
61 278 368 740
240 636 740
31 156
233 176 740 90
415 100 740 400
707 390 2 236
920 1 235 220 520 692 60 483 740 4 99 535 842
803 233 240 706 33 520
233 803 740
112 2 235 921 760 740
603 861 2 32 220 240 520
683 572 741 840 32 740 90
350 301 2 721 740
545 140 894 590 892
817 2 503 460 921 70 760 740
817 2 233 235 503 740
920 60 741 17 390
590 705 2 415 100 740
803 220 176 740 165 140
231 233 804
350 125 2 3 390
243 150 1 55 615 615 150 400
518 368 2 803 550 527
5 390 255 435
233 879 740
550 60 220 804 930
920 60 740 600
861 2 717 706 892 575 384
817 2 231 520
820 2 14 220 740 90
694 1 61 740
545 31 350 400 740 90
519 740
61 171 35 740 90
632 269 2 1 233 235 798 740 565
679 2 155 630 740
820 90 480 1 215
495 615 740
818 2
32 315 742 231 264 760 740
853 717 760 740 90
176 705 33 520
817 2 4 390 621
140 920 944 2 240 482 740
853 250 510 460 740
817 368 142 156
18 390
861 2 240 350 504
705 255 740
123 65 741 176 740 90 820
817 2 240 176 740
279 345 400
692 890 740
920 60 3 390
849 741 416 151
3 220 740
861 2 740 90 621
880 60 220 520 621
60 703 575 240 740 90
820 60 1 590 390 740
176 740
235 231 520
820 60 705 33 520
90 550 534 742 220 740 90
850 92 741 838 798 740 621
550 60 32 904 740
317 727 2 220 520
824 2 61 740 224
550 1 482 740 621
165 368 2 400 400
820 2 235 240 231 520 466 706 760 740 33 809 308 125 390 817 953
741 228 374 2 34 390
367 390 710 2 861
920 400 400 692 60 255
575 31
32 220 240 33 812 740
125 390 741 176 740
831 615 615
820 60 61 740
235 415 220 520
215 740
491 850 2 803 241
920 60 741 235 904 740
861 2 519 740
142 157
700 700 861 2
176 156
125 906 2 236 845 407 729 740
140 919 520 360 861 2 235 231 705 33 32 877 740
140 920 820 32 125 420 595 400
820 1 806 240 472 806 100 740
31 502 2 806 240 520 1 3
632 705 385 388 2 803 235 220 590 405 740
235 770 717 740 90
104 64 820
817 2 503 7 740
920 60 745 415 100 740
817 2 354 740
550 60 415 220 705 33 550 527
55 745 104 263 3 423
920 60 742 806 415 220 240 255 435 690 740
806 798 233 388 444 740 904 832
467 806 154 32 384 142 615 615
820 1 176 605 338 740
503 615 3 900 740
820 2 32 220 233 100 740
717 533 861 2 176 100 740
235 240 255 435 690 740
590 740 746 1 5 407
353 460 798 154
322 920 740 1 3 137
820 2 798 32 220 55 740
142 615 615
145 615 615
820 2 803 3 900 740
820 2 4 407
137 1 4 405
920 60 742 798 32 226
519 740
31 383 861 740
820 60 626 605 250
717 533 861 2 805 233 3 793 740 686 845 405
806 32 220 590 405 740
540 2 806 240 17 575 740 679
706 33 1 752 740
798 415 220 520
550 60 235 630 794 904 832 233 630 204
233 55 752 740
323 920 740
235 706 33 55 740
820 2 1 142 615 615
3 550 615 615
426 33 1 100 179 615 494
95 520 63 407
5 405
806 235 240 923 740
380 742 235 923 740
817 2 61 407
806 740 45
272 33 744 240 233 840 390
415 220 140 625 31
832 256
16 405 1 255 324
405 4 747
809 809 740
920 60 741 415 100 740
3 156
705 33 590 390 740
705 33 590 390 740
820 2 590 390 740
100 740
235 176 740
706 167
861 2 220 840 32 740
255 435 690 740
514 740 621
630 740
630 740
630 740
630 740
104 645 590 235 240 740 90
104 645 590 235 240 740 90
104 645 590 235 240 740 90
104 645 590 235 240 740 90
798 415 220 740 400
798 415 220 740 400
817 2 190 190 415 100 740
806 235 590 405 740 400
220 100 740
142 615 615
4 700 97 400
4 700 97 400
4 700 97 400
540 60 803 740 103
803 740 400
140 136 400 255 435 55 615 615
16 840 2 803 140 850
16 840 2 803 140 850
838 798 176 740 151 700 700 700 390
741 904 740 820 32 17 904 415 100 740
550 60 690 740
806 233 176 740
806 233 384 740
415 220 845 407
415 220 845 407
790 900 165
790 900 165
32 220 176 740
32 220 176 740
5 706
5 706
5 706
341
341
744 760 95 595 1 142 615 615
744 760 95 595 1 142 615 615
615 343 595
32 71 407
32 71 407
255 435 690 740 900 1 3 423
706 33 923 740 1
706 33 923 740 1
706 33 923 740 1
706 33 923 740 1
235 705 33 845 407 321 407
235 705 33 845 407 321 407
235 705 33 845 407 321 407
235 705 33 845 407 321 407
235 705 33 845 407 321 407
235 705 33 845 407 321 407
235 705 33 845 407 321 407
235 705 33 845 407 321 407
3 421 176 100 740 790
3 421 176 100 740 790
3 421 176 100 740 790
231 17 585 95 520 32 407
231 17 585 95 520 32 407
231 17 585 95 520 32 407
3 233 100 740
503 615 752 740
503 615 752 740
503 615 752 740
503 615 752 740
503 615 752 740
503 615 752 740
503 615 752 740
503 615 752 740
503 615 752 740
503 615 752 740
503 615 752 740
503 615 752 740
503 615 752 740
503 615 752 740
503 615 752 740
798 240 845 61 407
798 240 845 61 407
798 240 845 61 407
32 220 773 740
235 233 222 740
861 368 1 142 615 615 235 233 222 740
235 233 222 740
905 32 597 142 615 615
905 32 597 142 615 615
495 460 365 2 4 407 905 32 597 142 615 615
17 585 388 740
17 585 388 740
17 585 388 740
806 845 61 407 850 900 740
806 845 61 407 850 900 740
806 845 61 407 850 900 740
806 845 61 407 850 900 740
806 845 61 407 850 900 740
806 845 61 407 850 900 740
749
781
777
777
32 840
820 530 299 2 798 415 220 176 175 760 740
575 125 190
692 60 255 435 690 740 692 60 803 740 125 374 842
220 440 615 741 243 615 615
564 690 291 2 233 560 740
861 2 798 240 176 740 679
263 368 32 220 240 706 33 520
820 140 820 812 820 1 415 220 740 679
590 740 745 235 240 55 482 740
751 190 2 415 226
370 90 817 2 240 740 17 585 740
920 60 741 233 235 100 740
361 741 32 220 100 740 90
571 820
817 2 519 415 220 520
820 2 240 220 717 740
861 2 235 740 679
689 880 220 2 233 717 740
240 520
72 741 415 220 798 740
820 1 704 390
706 500 820 62 151
575 374 2 350 460 798 740 637 740 871
692 60 231 440 740
705 33 520 1 31 154
920 60 745 235 240 255 435 690 740
235 590 405 740
17 405
415 220 706 33 520
32 168 235 233 706 33 807 388 740
901 861 2 242 231 706 33 32 70 923 740
502 31 2 806 236 503 6 752 740
853 3 220 832 255 70 520
32 460 298 2 231 798 740
806 235 520
171 35 130 2 415 100 740
263 368 820 760 740
131 400
803 240 772 740
31 861 2 240 773 740
140 390 2 61 740
4 390 400
861 2 3 390
764 2 717 803 226
603 861 2 803 798 233 705 33 17 585 740
861 2 61 142 740
817 2 32 220 240 585 740
861 2 32 220 235 510 460 740
861 2 790 721 390
530 252 741 3 220 740 90
820 2 803 32 220 236 140 850 31
820 2 415 100 740
820 2 17 575 740
415 234
272 33 741 351 90 384 740
220 151
817 2 350 400 520
32 850 590 892 220 760 740 151
590 390 368 33 33
195 125 390 2 235 760 740
692 550 350 31 2 415 100 740 90
575 705 742 491 226
416 151
573 60 32 850 90
741 615 615 350 307
32 590 390 741 32 220 440 740
243 798 400 828
408 4
820 60 773 740
806 706 33 520
920 60 742 705 760 740
920 60 741 484 337 740
31 812 2 176 100 740
808 235 233 705 33 520
786 530 742 240 1 760 740
806 240 520
2 140 226
817 2 17 585 840 32 740
550 60 235 520 173
921 70 520
820 2 156 773 740
861 2 706 33 520
621 740 1 912 740
861 2 61 151
710 390 368
861 2 705 255 740
175 741 233 798 740
824 2 235 482 740
817 2 17 575 740 679
861 2 798 240 235 388 740
861 2 231 804
817 2 260 156
706 140 368
91 831 585
350 82 741 803 234
209 500 741 106
817 2 5 390
861 368 1 803 235 520
906 595 2 495 460 520
731 740
803 32 226
58 740
861 2 590 390 161
803 235 240 705 33 176 740
861 2 798 233 70 520
817 2 255 435 690 740
878 382 520
817 2 803 240 233 520
16 390
817 2 61 740
831 390 368
840 32 165 590
97 400
176 337 740
808 2 240 740 550 527
861 2 900 590 390 151
55 368 400
575 125 741 31 61 142 740
3 156
817 2 415 100 740
374 920 1 233 705 33 316 32
923 740
233 232 55 740
176 125 406
615 550 2 350 151
861 2 415 100 740
817 2 590 390 740 621
853 33 732 794 590 892
817 2 809 809 740 90
920 60 741 592
544 690 817 2 590 390 832 260 856
374 65 220 60 17 575 740
255 435 690 740
240 705 33 520
503 7 740
742 760 740
412 741 705 255 740
820 1 235 240 740 90
817 2 220 231 705 33 520
861 2 415 100 740
920 60 741 460 740
824 2 16 390
550 60 231 705 33 520
877 159 400
820 60 31 105
125 390 741 5 900 740
61 142 400 740
319 705 741 877 861 740
16 615 615
820 2 803 32 384 740
208 741 32 927 740
861 368 231 520 495 590 70 892
817 2 48 740
505 1 32 90 31 151
817 2 235 550 527
46 621
363 160 154
820 2 838 798 415 220 233 590 390 740
861 2 125 90
817 2 772 740
415 220 320 920 520
31 97 151
805 806 400
803 923 740
861 2 869 390
3 156
575 413 267
630 297 60 220 740 550
345 741 809 809 269 740
31 705 243
820 60 803 233 520
64 360 171 705 740
820 820 741 590 390 740
861 2 235 555 526
320 920 740
460 520
615 900 2 31 503 460 740
416 740
550 527
32 590 390 2 32 205 740
798 415 220 176 740
817 368 60 233 740 90
233 923 740
910 740
61 171 35 740 90 400
31 388 2 3 426
255 435 690 740
31 240 927 740
809 809 740
360 255 740 481
3 550 31 31
233 705 33 520 400
577 2 705 760 740
590 3 900 2 240 772 740
803 236 705 33 520
575 590 740 240 520
503 460 158 400
235 240 220 520
920 60 741 550 527
527 741 32 590 390 740
220 440 861 400 400
590 390 741 923 740
243 151
920 60 741 416 740
61 142 740
226 621
920 60 741 927 740
910 741 297 680
817 368 1 645 286
740 803
220 520
590 3 900 2 240 773 740
415 100 740 93 435 61 550 615 615 740
371 407 1 142 615 615
2 825 740
803 235 233 705 33 70 520
605 760 740
16 390
55 151
133 31 156
31 803 368
31 1 435
690 904 740
31 156
140 920 575 705 590
590 390 820
235 482 740
850 315 2 31 373 740
861 2 32 220 520
95 1 575 595 1 806 32 220 740 679
861 2 4 407
803 233 706 33 760 740
33 550 615 615
518 831 741 235 233 55 555 527
817 2 350 460 798 415 100 740
235 241
190 297 1 554 527
820 2 540 740
840 374 2 590 390 151
732 794 706 590 156 241
503 70 520 590 292 861
235 240 455 740
61 347 808
315 760 740
635 706 760 595 820 1
820 60 564 740
3 140 100 740
820 2 231 520
817 2 104 615 740
692 924 745 798 740
171 35 130 2 220 585 740
235 233 550
920 60 741 2 140 740
861 2 233 335 740
324 794 741 1 520 350 543 874
892 297 855
741 820 2 803 740
390 390 390 390 156
2 140 269 740 692 60
388 920
920 455 741 353 544 740
541 813 595 820
703 400 2 61 740
820 2 904 740
820 2 17 585 740
820 2 621 416 740
235 772 740
861 2 220 520
456 2 240 231 520 621
41 742 241
861 2 235 840 32 740
705 33 2 335 760 740
233 255 435 690 740
32 168 2 32 220 232
861 2 31 233 520
692 60 140 920 740 90
817 2 240 923 740
482 740
32 633 270 2 72 231 32 220 705 33 520
817 2 760 740
927 740
158 171 35
692 60 231 927 740
96 143
176 740
3 1 435
232 48 740
176 704 255 740
840 257 740 415 100 740 790
706
861 2 255 435 690 740
632 300 1 320 100 740 90
416 151
853 16 390 400 400
877 5 900 740
817 2 233 235 705 33 520
351 368 1
156 3
31 156
586 561 745 1 4 407
820 1 456 100 740
806 32 220 240 55 740
55 235 233 483 740
861 2 175 720 740 1 416
817 2 176 455 740
235 240 706 33 520
706 717 388 154
140 920 484 337 503 456 400
920 615 742 921 70 520
603 861 2 55 740
905 32 130
798 32 220 440 752 740
325 740 1 243 159
32 905
31 502 2 806 240 520 1 416
706 820 595
817 2 233 705 33 550 527
877 159 400
820 2 806 590 405 740
503 460 740
4 407 1 55 32 740
235 590 407 740 1 4 407
817 2 354 400 520
220 740 400
923 740 1 16 407
240 142 615 615
604 604 901 32 590 292 380 380 127
384 154
880 2 503 460 740
798 240 231 555 527
491 3 423
806 706 33 590 405 798 740
632 342 504 2 16
17 585 90 680 740
861 2 235 590 390 740
820 2 803 233 32 861 740
320 920 742 803 415 220 371 406
235 555 527
285 900 2 32
705 33 520
705 33 923 740
390 16
61 626 803 483 740
5 900 740
370 2 550 527
101 154
705 33 32 790
920 540 740
370 2 550 527
809 809 740
920 60 741 31 17 575 740
391 595 850 480 1 820 820 4 904
3 156
550 525 400
853 803 705 33 520
704 167
803 335 760 740
503 33 740 400
630 740
630 740
630 740
630 740
104 645 590 235 240 740 90
104 645 590 235 240 740 90
240 415 100 740
575 450 745 803 482 740
4 700 97 400
861 2 798 415 220 33 33 760 740
388 906 615 627 220 2 140 484 1
803 3 220 740 809 809 740 90
384 740
32 226 923 740 400
3 220 740
3 220 740
3 220 740
3 220 740
550 60 690 740
323 690
831 233 176 740
806 233 176 740
806 231 176 740
415 220 845 407
590 405 100 740 790
790 900 165
900 165
747 717 95 595 1 142 615 615
255 435 690 740 900 1 3 424
255 435 690 740 900 3 422
255 435 690 740 900 3 422
255 435 690 740 900 3 422
706 33 923 740
706 33 923 740
706 33 923 740
706 33 923 740
706 33 923 740
706 33 923 740
235 705 33 845 407 321 407
235 705 33 845 407 321 407
235 705 33 845 407 321 407
235 705 33 845 407 321 407
3 422 176 100 740
3 422 176 100 740
503 615 752 740
503 615 752 740
503 615 752 740
503 615 752 740
503 615 752 740
503 615 752 740
503 615 752 740
503 615 752 740
503 615 752 740
176 125 350 299 61 400 740
798 240 845 61 407
798 240 845 61 407
798 240 845 61 407
235 220 222 740
235 233 222 740
235 233 222 740
806 235 233 705 33 585 407
806 235 233 705 33 585 407
905 32 597 142 615 615
904 32 597 142 615 615
905 32 597 142 615 615
905 32 597 142 615 615
905 32 597 142 615 615
17 585 388 740
806 845 61 407 850 900 740
806 845 61 407 850 900 740
806 845 61 407 850 900 740
753
480 480 749
749
777
777
777
777
904 32 904
803 235 220 241
226 31 740
2 741 3 900 740
320 920 740
151 33
175 90 595 32 705
240 838 585 740 400
31 645 645 31
31 100 740
861 2 16
416 740
503 17 760 740
820 2 16 220 740 90
922 60 240 520
820 2 3 390
495 33 740
255 798 400
160 90 55 60 190
4 405
820 32 130
920 60 741 335 760 740
235 32 877 740
400 226 415
3 426
820 125 390 2 4 390
740 803 390 60 740
924 1 319 31 55 2 150 416
127 705 2 4 390
467 550 1 740 740
820 60 240 231 585 740
31 920 60 927 415 100 740
900 590 368 2
820 2 233 555
32 700
820 2 235 222 740
528 220 924 340 93
415 803 1 328 4 2
31 933 413
31 136
931
912 740
920 60 500 812
380 615 742 255 435 690 740
740 390
861 2 233 1 760 740
803 861 2 705 33 482 740
700 31
368 572 741 235 740 90
31 501 861 368
231 388 443 740
700 31 153
590 390 151
817 2 235 840 32 740
933 2 4 405
556 440 742
820 2 706 611 740
176 100 740
32 32 34
34 34
850 740
32 220
740 220
365 527
32 700
806 235 590 405 740 400
465 806 158
465 806 158
235 590 390 740
33 700
235 220 176 740
235 220 176 740
692 60 240 603 740
840 32 740
352 615
790 740 400
240 503 70 520
903 903 741 240 235 705 33 520
510 460 752 740
384 740
820 2 3 390
376 31 2 4 390
705 390 2 31 157
32 390 1 4 900 154
315 63 220 820 1 220 520
5 900 740
61 740
31 368 413 2 233 440 740
455 590 2 5 368
804 400
235 706 33 850 903 740
468 806 155
861 2 550 233 17 575 740
820 13 923 740
956 5 790
570 2 5 900 740
927 740
90 942 66 455
922 455 861 140 136
706 33 923 740
503 615 752 740
806 845 61 407 850 900 740
831 590 125 407 2
125 700
705 840
838 482 740
176 740 400
828 66 723
838 482 740
905 2 705 41
590 706 868
4 700 220
33 700
700 34
32 700
700 33
700 33
98 400
220 740 90
33 700
176 740 400
33 700
33 700
32 226
31 3 480
33 482
530 413
554 740
900 3 645
33 33 520
73 520
285 2 235 220 125 590 390 740
920 60 741 5 368
176 740 1 2 4 64
233 1 760 740
423 3 1 423 2 31 104
416 840 740
421 3 440 776
706 33 520
160 90
595 278 2 4 392
920 60 741 142 156
130 817
904 530 705 2 231 590 390 740
175 742 233 798 740
803 840 32 740
850 231
5 408
806 455 220 2 1 472 806 154
861 2 590 390 820
550 365 2 391
690 60 452 550 390
547 1 2 140 832
575 460 2 17 390 513 460
3 900 703 741 1 176 740
279 632 632 2 384 740
817 2 235 100 740
861 742 520
590 740 741 234 760 740
151 31
220 235 740
19 156
920 740 400
824 368 98 630 740
60 820 1 240 460 220 590 390 740
235 520
255 220 175 760 740
705 390 2 388 32 151
132 374 741 95 90
142 151
408 4
776 233
892 798 741 564 803 90 520
561 92 625 900
33 892
861 2 16 390
3 422
861 2 16 405
176 740 1 832
3 2 900 67 740
746 1 790 407 590
32 220 153
550 60 61 706 798 740
33 700
33 136
630 900 2 519 740
501 405 2 240 520
90 400
33 66
250 3 111
679 840 32 740
5 155
32 632 368 297 60 240 495 70 520
322 900 741 125 352 292
510 460 520
91 31 455 220
91 32 1 33
55 220 91 1 93 31
61 740
281 2 29 32 740
146 60 590 405 740
706 740
706 740
803 900 740
177 740
909
820 2 32 220 231 585 740
6 220 520
61 151
91 56 2 417 890 892
798 740
17 390
817 31
390 790
692 60 391 111 861
817 2 222 740
880 2 554 526
820 2 606 111 861
32 760 740
920 60 742 220 520
413 125 350 297 2 798 236 176 740 63 407
795 400 740
861 740
794 741
840 257 741 1 950 31 384 740
705 500 741 1 55 220 740 90
32 740 400
137 400
31 520
142 400 151
740 742
520 13
335 220 98 921 861
820 415
820 13 16 390
32 220 235 520
472 806 158 400
370 31 741 840 390
33 700
2 840 740
215 2 2
740 424
