# scan side col block start   (first printed number in column; block=thousand-series mark)
8 R 1 1 99
8 R 2 1 135
8 R 3 1 171
9 L 1 1 207
9 L 2 1 243
9 L 3 1 279
9 R 1 1 315
9 R 2 1 351
9 R 3 1 387
10 L 1 1 423
10 L 2 1 459
10 L 3 1 495
10 R 1 1 531
10 R 2 1 567
10 R 3 1 603
11 L 1 1 639
11 L 2 1 675
11 L 3 1 711
11 R 1 1 747
11 R 2 1 783
11 R 3 1 819
12 L 1 1 855
12 L 2 1 891
12 L 3 1 927
12 R 1 1 963
12 R 2 1 997
12 R 2 2 1
12 R 3 2 33
13 L 1 2 69
13 L 2 2 105
13 L 3 2 141
13 R 1 2 177
13 R 2 2 213
13 R 3 2 249
14 L 1 2 285
14 L 2 2 321
14 L 3 2 357
14 R 1 2 393
14 R 2 2 429
14 R 3 2 465
15 L 1 2 501
15 L 2 2 537
15 L 3 2 573
15 R 1 2 609
15 R 2 2 645
15 R 3 2 681
16 L 1 2 717
16 L 2 2 753
16 L 3 2 789
16 R 1 2 825
16 R 2 2 861
16 R 3 2 897
17 L 1 2 933
17 L 2 2 969
17 L 2 3 1
17 L 3 3 6
17 R 1 3 42
17 R 2 3 78
17 R 3 3 114
18 L 1 3 150
18 L 2 3 186
18 L 3 3 222
18 R 1 3 258
18 R 2 3 291
18 R 3 3 326
19 L 1 3 361
19 L 2 3 397
19 L 3 3 430
19 R 1 3 466
19 R 2 3 502
19 R 3 3 538
20 L 1 3 574
20 L 2 3 610
20 L 3 3 646
20 R 1 3 682
20 R 2 3 718
20 R 3 3 754
21 L 1 3 790
21 L 2 3 826
21 L 3 3 862
21 R 1 3 895
21 R 2 3 931
21 R 3 3 967
22 L 1 4 4
22 L 2 4 40
22 L 3 4 76
22 R 1 4 112
22 R 2 4 147
22 R 3 4 183
23 L 1 4 218
23 L 2 4 254
23 L 3 4 290
23 R 1 4 326
23 R 2 4 362
23 R 3 4 398
24 L 1 4 434
24 L 2 4 470
24 L 3 4 505
24 R 1 4 539
24 R 2 4 575
24 R 3 4 611
25 L 1 4 647
25 L 2 4 683
25 L 3 4 719
25 R 1 4 755
25 R 2 4 791
25 R 3 4 827
26 L 1 4 863
26 L 2 4 899
26 L 3 4 935
26 R 1 4 969
26 R 2 5 6
26 R 3 5 42
27 L 1 5 78
27 L 2 5 114
27 L 3 5 150
27 R 1 5 183
27 R 2 5 219
27 R 3 5 255
28 L 1 5 291
28 L 2 5 327
28 L 3 5 363
28 R 1 5 399
28 R 2 5 434
28 R 3 5 470
29 L 1 5 506
29 L 2 5 541
29 L 3 5 577
29 R 1 5 613
29 R 2 5 649
29 R 3 5 685
31 L 1 5 721
31 L 2 5 754
31 L 3 5 790
31 R 1 5 826
31 R 2 5 862
31 R 3 5 898
32 L 1 5 934
32 L 2 5 970
32 L 3 6 7
32 R 1 6 43
32 R 2 6 79
32 R 3 6 115
33 L 1 6 151
33 L 2 6 187
33 L 3 6 223
33 R 1 6 259
33 R 2 6 292
33 R 3 6 328
34 L 1 6 364
34 L 2 6 400
34 L 3 6 436
34 R 1 6 472
34 R 2 6 508
34 R 3 6 544
35 L 1 6 580
35 L 2 6 616
35 L 3 6 652
35 R 1 6 687
35 R 2 6 721
35 R 3 6 753
36 L 1 6 789
36 L 2 6 824
36 L 3 6 860
36 R 1 6 894
36 R 2 6 930
36 R 3 6 966
37 L 1 7 3
37 L 2 7 39
37 L 3 7 75
37 R 1 7 111
37 R 2 7 147
37 R 3 7 183
38 L 1 7 219
38 L 2 7 255
38 L 3 7 291
38 R 1 7 323
38 R 2 7 359
38 R 3 7 395
39 L 1 7 431
39 L 2 7 467
39 L 3 7 503
39 R 1 7 539
39 R 2 7 575
39 R 3 7 611
40 L 1 7 647
40 L 2 7 683
40 L 3 7 712
40 R 1 7 748
40 R 2 7 784
40 R 3 7 820
41 L 1 7 856
41 L 2 7 892
41 L 3 7 928
41 R 1 7 964
41 R 2 8 1
41 R 3 8 37
42 L 1 8 73
42 L 2 8 109
42 L 3 8 145
42 R 1 8 181
42 R 2 8 217
42 R 3 8 252
43 L 1 8 285
43 L 2 8 321
43 L 3 8 357
43 R 1 8 393
43 R 2 8 427
43 R 3 8 454
44 L 1 8 485
44 L 2 8 518
44 L 3 8 554
44 R 1 8 586
44 R 2 8 622
44 R 3 8 657
45 L 1 8 693
45 L 2 8 729
45 L 3 8 765
45 R 1 8 797
45 R 2 8 833
45 R 3 8 869
46 L 1 8 905
46 L 2 8 941
46 L 3 8 977
46 R 1 9 14
46 R 2 9 50
46 R 3 9 86
47 L 1 9 122
47 L 2 9 158
47 L 3 9 194
47 R 1 9 230
47 R 2 9 266
47 R 3 9 302
48 L 1 9 338
48 L 2 9 374
48 L 3 9 410
48 R 1 9 446
48 R 2 9 482
48 R 3 9 518
49 L 1 9 554
49 L 2 9 590
49 L 3 9 624
49 R 1 9 650
49 R 2 9 694
49 R 3 9 730
50 L 1 9 766
50 L 2 9 802
50 L 3 9 838
50 R 1 9 874
50 R 2 9 910
50 R 3 9 946
51 L 1 9 982
51 L 2 10 19
51 L 3 10 55
51 R 1 10 89
51 R 2 10 124
51 R 3 10 160
52 L 1 10 196
52 L 2 10 232
52 L 3 10 268
52 R 1 10 304
52 R 2 10 340
52 R 3 10 376
53 L 1 10 412
53 L 2 10 448
53 L 3 10 484
53 R 1 10 520
53 R 2 10 556
53 R 3 10 592
54 L 1 10 628
54 L 2 10 660
54 L 3 10 696
54 R 1 10 728
54 R 2 10 764
54 R 3 10 800
55 L 1 10 836
55 L 2 10 872
55 L 3 10 907
55 R 1 10 943
55 R 2 10 979
55 R 3 11 16
56 L 1 11 52
56 L 2 11 88
56 L 3 11 124
56 R 1 11 160
56 R 2 11 196
56 R 3 11 229
57 L 1 11 263
57 L 2 11 299
57 L 3 11 335
57 R 1 11 371
57 R 2 11 407
57 R 3 11 443
58 L 1 11 479
58 L 2 11 515
58 L 3 11 551
58 R 1 11 587
58 R 2 11 623
58 R 3 11 659
59 L 1 11 695
59 L 2 11 731
59 L 3 11 767
59 R 1 11 796
59 R 2 11 832
59 R 3 11 867
60 L 1 11 903
60 L 2 11 939
60 L 3 11 975
60 R 1 12 21
60 R 2 12 57
60 R 3 12 93
61 L 1 12 129
61 L 2 12 165
61 L 3 12 201
61 R 1 12 237
61 R 2 12 273
61 R 3 12 309
62 L 1 12 345
62 L 2 12 381
62 L 3 12 417
62 R 1 12 449
62 R 2 12 485
62 R 3 12 521
63 L 1 12 557
63 L 2 12 593
63 L 3 12 629
63 R 1 12 665
63 R 2 12 701
63 R 3 12 737
64 L 1 12 773
64 L 2 12 809
64 L 3 12 845
64 R 1 12 881
64 R 2 12 917
64 R 3 12 952
65 L 1 12 983
65 L 2 13 119
65 L 3 13 155
65 R 1 13 191
65 R 2 13 227
65 R 3 13 263
66 L 1 13 299
66 L 2 13 335
66 L 3 13 371
66 R 1 13 407
66 R 2 13 443
66 R 3 13 479
67 L 1 13 515
67 L 2 13 551
67 L 3 13 587
67 R 1 13 623
67 R 2 13 659
67 R 3 13 695
68 L 1 13 731
68 L 2 13 767
68 L 3 13 803
68 R 1 13 839
68 R 2 13 875
68 R 3 13 911
69 L 1 13 947
69 L 2 13 983
69 L 3 14 20
69 R 1 14 56
69 R 2 14 92
69 R 3 14 129
70 L 1 14 164
70 L 2 14 200
70 L 3 14 236
70 R 1 14 272
70 R 2 14 308
70 R 3 14 344
71 L 1 14 380
71 L 2 14 416
71 L 3 14 452
71 R 1 14 488
71 R 2 14 524
71 R 3 14 560
72 L 1 14 596
72 L 2 14 631
72 L 3 14 665
72 R 1 14 700
72 R 2 14 736
72 R 3 14 772
73 L 1 14 808
73 L 2 14 844
73 L 3 14 880
73 R 1 14 916
73 R 2 14 952
73 R 3 14 988
74 L 1 15 25
74 L 2 15 61
74 L 3 15 97
74 R 1 15 133
74 R 2 15 169
74 R 3 15 203
75 L 1 15 239
75 L 2 15 275
75 L 3 15 311
75 R 1 15 347
75 R 2 15 383
75 R 3 15 419
76 L 1 15 455
76 L 2 15 491
76 L 3 15 527
76 R 1 15 563
76 R 2 15 599
76 R 3 15 633
77 L 1 15 669
77 L 2 15 705
77 L 3 15 741
77 R 1 15 777
77 R 2 15 807
77 R 3 15 831
# names section 'Nomina Regnorum...' (key scans 78-82): headers inside columns -> off= gives row of the first entry
78 R 1 15 849 off=10
78 R 2 15 875 off=10
78 R 3 15 899 off=10
79 L 1 15 925
79 L 2 15 961
79 L 2 15 977 off=20
79 L 3 15 993
79 L 3 16 10 off=7
79 L 3 16 34 off=33
79 R 1 16 36
