23 343 153 13 14
33 c 3 e 2 26 56 34 X 12 36 68 62 533 16 24 28 25 451 93 S T 47
386 455 75 15 14 16 56 U 6 40 12 17 574 366 673 272 75 25 24
43 574 437 55 64 44 u 43 64 74 435 68 66 36 62 U 24 D 45
586 318 416 29 28 62 68 22 65 69 37 93 40 59 27 323 572
53 68 6 4 U S P X 12 28 11 335 260 73 573 642 128 660 572
600 574 100 435 335 31 51 28 61 72 55 56 + 26 13 572 524 612
573 7 14 19 29 55 72 W 34 24 6 40 41 528 33 24 62 574 438
S U O u 45 36 202 416 275 331 335 467 183 128 562 345 324
533 524 574 441 650 23 U 29 160 572 128 578 319 636 464 572
31 18 10 60 22 60 D 59 47 578 182 345 586 475 572 600 346
20 72 21 487 36 6 16 17 578 718 539 301 343 335 90 37 131
G 68 O 39 361 40 43 645 578 636 531
19 29 36 74 359 324 325 203 718 422 299 444 314 73 578 324
636 416 202 323 574 142 343 729 573 318 97 47 u * 60 39 45
452 323 35 15
