# image 4843.png-4844.png
# image 4843.png
123 589 66 45 262 94 250 258 15 496 491 435 127409_ 83 380 129 360 426 204 328 99
127 274 44 27 194 275 98 248 205 128 274 225 81 260 47 100 246 518 112 275 262140 90 111
104 146 383 258 458 74 274 356 273 248 18 361 100 197 275 309_ 17 18 86 123 181 497 101
125 125 461 248 85 395 46 10 343 27 151 66 8 268 95 274 326 44 295 298 18 320 248 83
109 11 47 413_ 275 561 264 361 14 365 128 89 264 278 298 416 44 351 321 273 139 98 203
689 350 67 116 19 408 90 266 161_ 214 1300_ 150 279 502 57 503 304 16 312 135 205 97
127 35883 296 379 98 361 7078 326 27 151 339 319_ 381 43 426 81 257 161
428 409 349 250 464_ 408 196 27 360 328 360 38 338 66 86 191 18 153 416 181 127 583
101 408 14 264 11 43 361 406 55 248 83 345 47 276 44 243 333 120 350 257 166 166 173 97
111 534 297 282 360 324 66 204 297 328 37 258 161 214 98 274 18 112 123_ 205 276 18 111
670 328 104 297 149 87 416 126 66 14 69 361_ 276 407 74 274 257 260 226 18 112 170_ 54
109 194 349 15 195 275 156 17 294 340 384_ 156 243 264 274 91 181 356 44 278 380 88
107 12 258 358 83 133 29 562 361 276 44258 384 120 181 123 44 224 264 174 226 97 99
97 324 125 207 589 4 670 115
117 26 133 126 142 31 240 143 436 391 361 60_ 94 407 491 174 260 88 79 361 83 109
113 383 315 349 265_ 273 489 360 172 53 129 229 98 235 255 45 236 31 26 129 312
563 218 18 27 151399 264 19 100 39 363 47 44 243 363 83 349 324 49 46 207 196 583
129 436 276 387_ 126 21360 90 270_ 293 550 243 258 72 313 356 436 66 34 363 208
101 426 274 434 275 10048 266 44 10 276 45 67 257 166 173 506_ 57 358 212 204 16 860 99
125 57 146 178 41295 144 172 16 92 96144 381339 361328 205 259 409 120 113 109
207 255 167 66 12 258 356 10218 67 435 124_ 407 44 980 14 297 339 359 243 236 207
127 162 258 98 313 491383 436 167 243 120 358 216 126 273 435 252_ 274 361275 209
101276 204 66 150 273 30 16 204205 400 18 293 320 275 270 14 235 81204 296 334 589
113 27 151351192 93 264 348 260 406 55 30183 339 53 341361439 383 81242 103
209 436_ 29 273 247 297 215 53 356 44 274 282 9 320 424_ 349 258 273 86 241583
115 350 82 133 192 27 207 396_ 39 161_ 297 174 435 124_ 406 44 381320 275 14 194 99
97 341267 11 39 328 408 196 297 562 275 218 161_ 342 349 257 161408 300 20 416 103
566 273 274 120 390 44 297 267 381376 324 67 23 36166 68 258 243 246 274 398 83
125 296 130 289 324 201361257 270_ 254 200 66 343 399 288 457 258 66 435 18 564
107 228_ 112 243 275 398 83 186 419 264 277 104 426 293 83 188 82 133 197 19 144 113
103 323 13 258 411 66 257 170_ 130_ 15 195 363 74 506_ 313 18 348 257 166 225 507 670
# image 4844.png
121 339 368 255 205 249 12 365 27 47 351166 312 320 335 417 260 329 298 325 252 90
125 129 312 349 435 124_ 406 83 381129 312 218 177_ 361407 81 264 296 212 114 178 109
107 476_ 274 515 89 86 10004 18 178 462507_ 351361427 90 312 170 526_ 27 299 38 258 99
129 112 10 274 35 312 125 269 89 90 273 327 406 274 257 338 74 124 462 506 244 97
125 296 388_ 128 383 275 44 392 45 246 255 102 83 66 181250 10 416 83 335 191107
119 11 15 407 44 349 15 195120 352 77 124 312 192 128 321199_ 66 157 1007 325 248
125 315 279 244 340 276 361350 383 29534 297 329 211276 83 383 324 18 296 207
209 408 205 18 293 315 297 18166 436_ 24 326 82 562 352 35 29 67 253_ 406 587
105 421_ 39 258 223 361293 215 208 11 181 360 39 338 83 56 181343_ 247 223 55 351
207 30 321218 295 27 424_ 325381142 98 246 343 29 243 66 382 39 257 255 17 362
125 273 257 1611428 407 174 435124_ 404 83 380 66 258 228 181123 44 273 257 507 582
670 112 273 150 81 405 25544 276 45 166 200 356 27312 67 437 413 439 296 343_ 150
113 273 223 114 351196 321371439 160_ 39 407 135130 356 124 312 276 102 349 119
107 342_ 35 130 264 252 274 257 507 129 41167 152 192 98 350 14 194 275257 527 587
99 195197 312 372 18 273 381379 14 363 214 205295292 83 248 258 212 30 75
312 339 123_ 360 77 14 236 81257 260 14098 406 507_ 90 313 18 37 94 79 363 275 18
127 328 497 196 212 204 192 81278 462 93 66 298 44 257 100 244 398 83 125587
109 104 77 424 344_ 21590 16 36145324 1585 207 4 129 567 103 113 609 563
107 99 574 2 109 105 47 129 127 205 587 670 123 11120599 111
