# R902, MNL OL G15 Caps. C. Fasc. 39 p. 277 (DECODE image 4843 = R902_p1.png), 31 lines.
# Fresh transcription from the image, 5 Oct 2026 (line strips at 1.6x with CLAHE).
# Conventions as tr/R902_p278_l10-18.txt. The curled 'c' figure is 1 (DECODE often 2); the looped 'a'/'r' is 2.
# Line 1 carries a contemporary interlinear gloss over its first groups: 'a s lu p u le t mars'.
125 589 66 45 262 94 150 258 15 556 491 435 124_ 407 83 380 129 360 426 104 328 99
127 274 44 17 194 175 98 298 205 128 174 225 81 260 47 100 196 518 112 175 262 140 90 111
109 196 383 258 458 74 174 356 273 248 18 361 100 197 175 309_ 19 18 86 123 181 497 101
125 125 461 248 85 395 46 10 343 27 151 66 8 268 95 174 326 44 295 298 18 320 248 83
109 11 47 413_ 175 561 264 361 14 365 128 89 264 278 298 416 44 351 321 173 139 98 103
689 350 67 116 19 408 90 266 161_ 214 130_ 150 179 502 57 503 309 16 312 135 205 97
127 358 83 296 379 98 361 407 8 326 27 562 27 151 339 319_ 381 43 426 81 257 161
428 407 349 150 464_ 408 196 17 360 328 360 38 338 66 86 191 18 153 416 151 127 583
101 408 14 264 11 43 361 406 55 248 83 395 47 176 44 243 333 120 350 257 166 173 97
111 534 297 282 360 329 66 104 297 328 37 258 161 214 98 274 18 112 123_ 205 276 19 111
670 328 104 297 149 87 416 126 66 14 69_ 361 176 407 74 179 257 260 226 18 112 170_ 54
109 194 349 15 195 175 156 17 194 340 384_ 156 193 264 279 91 181 356 44 248 380 88
107 12 258 358 83 133 19 562 361 276 44 258 384 120 181 123 44 224 264 174 226 37 99
97 324 125 104 589 4 670 115
117 26 133 126 192 31 240 173 436 391 361 160_ 94 407 491 174 260 88 79 361 83 109
113 383 315 349 297 265_ 173 489 360 172 53 129 229 98 235 255 45 236 31 26 129 312
563 218 18 27 151 399 264 19 100 39 363 47 44 243 363 83 349 324 49 46 207 196 583
129 436 176 384_ 102 126 21 360 90 170_ 293 550 243 258 72 313 356 436 66 39 363 109
101 426 174 434 275 248 266 44 10 276 45 67 257 166 173 506_ 57 358 212 104 16 860 99
125 57 146 178 412 95 144 172 16 92 361 44 381 339 361 328 205 259 409 120 113 109
107 255 167 66 12 258 356 10 218 67 435 124_ 407 44 380 14 197 339 359 243 436 107
127 162 258 98 313 491 383 436 167 243 120 358 216 126 173 435 252_ 174 361 275 109
101 176 204 66 150 173 30 16 204 205 400 18 293 320 175 170 14 235 81 104 296 334 589
113 27 151 351 192 93 264 345 260 406 55 301 83 339 53 341 361 439 383 81 242 103
109 436_ 19 173 147 297 215 53 356 44 274 282 9 320 424_ 349 258 273 86 241_ 583
115 350 82 133 192 17 207 396_ 39 161_ 297 194 435 124_ 406 44 381 320 175 14 194 99
97 341 267 11 39 328 408 196 297 562 275 218 161_ 342 349 257 161_ 408 300 10 416 103
566 173 274 100 390 44 297 267 381 376 329 67 23 361 66 68 258 243 296 274 398 83
125 296 130 289 329 201 361 257 170_ 254 100 66 343 399 288 457 258 66 435 18 564
107 228_ 112 243 275 398 83 186 419 264 277 104 426 293 83 188 82 133 197 19 194 113
103 323 13 258 411 66 257 170_ 130_ 15 195 363 74 506_ 313 18 348 257 166 175 507 670
