# R902 p. 278 (DECODE image 4844 = R902_p2.png), lines 1-9 of 19.
# Fresh transcription from the image, 5 Oct 2026 (deskewed -3.3 deg, strips at 1.5-1.8x with CLAHE).
# Conventions as tr/R902_p278_l10-18.txt; curled 'c' = 1, looped 'a'/'r' = 2. Line 1 bends upward at its end.
121 339 365 255 205 249 112 365 27 47 351 166 312 320 335 417 261 325 298 315 252 90
125 129 312 349 435 124_ 406 83 381 129 312 218 177_ 361 407 81 264 196 212 114 178 109
107 476_ 174 515 89 86 204 18 178 462_ 507 351 361 427 90 312 170 526_ 27 299 38 258 99
129 112 10 274 35 312 125 264 89 90 173 327 406 174 257 338 74 129 462 506 244 97
125 296 388_ 108 383 275 44 392 45 246 255 102 83 66 151 250 10 416 83 335 191 107
119 11 15 407 44 349 15 195 100 352 77 129 312 192 128 321 199_ 66 150 157 37 325 248
125 315 279 244 340 176 361 350 383 195 34 197 329 201 176 83 383 324 18 196_ 107
109 408 205 18 293 315 297 181 66 436_ 19 326 82 562 352 35 10 67 253_ 406 587
105 421_ 39 258 223 361 293 215 108 11 181 360 39 338 83 56 181 343_ 297 223 55 351
