# R8755 Torcy 3 Apr 1710, from the DECODE DOC transcription, checked line by line against the images 9 Oct 2026 (agrees). Superscript marks resolved (110, 316, 311, 729). Struck groups left out (f.40r: 149 after 167; f.40v: 125 overwrite, 546, 4). f.40v "780" ends one line and starts the next; "410 780 29" also occurs on f.40r, so the second 780 is probably a repeat at the line break (kept here).
# f.38v
# ...
47 435 423 5 553 17 255 411 110 316 508
127 474 29 677 50 107 100 53 138 623 311
431 236 175 553 42 77 18 201 276 554
135 639 41 455 713 25 791 370 19 523
42 176 91 755 638 127 5 648 144 363
787 21 343 556 342 271 705 115 1 27 20
219 234 190 110 576 747 585 99 243 491
402 274 411 823 107 528 385 91 796 109
42 288 729 540 65 383 222 219 192
521 175 451 546 49 819 34 677 50 82
357 583 205 556 342 352 594 713 821
581 8 455 236 741 647 289 804 585 604
113 411 319 5 495 17 822 605 715 738
821 665 448 126 50 109 122 584 116 151
559 437 207 416 288 729 550 107 444
269 476 108 180 246 780 355 18 494 667
585 179
# f.39 [blank]
# f.40
167 791 38 42 276 355 423 411 733
715 50 293 207 187 203 49 311 382 697
698 121 713 231 819 111 735 660 55 20 161
8 139 473 822 788 109 403 581 637 151
74 552 585 624 795 404 202 738 343
823 296 638 292 539 122 69 203 616
697 382 319 20 377 122 526 468 113 19
523 42 52 821 15 108 122 585 497 572
751 647 791 822 742 5 50 107 444 42 281
17 451 192 108 219 683 111 554 38 546
624 109 50 176 377 701 348 49 138 205
733 274 634 594 34 72 451 95 15 129
390 734 135 823 77 648 512 780 236
13 548 167 107 512 55 276 65 821 110
391 571 161 22 451 18 98 564 296 713
594 804 77 29 82 790 516 243 107
553 42 417 737 167 18 705 660 135
20 149 774 311 190 269 180 130 451 12
108 50 410 780 29 131 236 749 122
111 5 41 677 17 311 630 572 551 101
355 423 131 161 57 403 296 386 27
176 526 293 540 27 77 18 455 790
198 201 411 50 250 165 58 395 55
417 432 65 451 110 161 72 821 95
# f.40v
75 150 572 236 125 502 49
15 239 791 207 53 391 35 411 109 122
744 572 738 755 118 342 250 311 686
82 695 161 716 50 175 637 572 201 403
410 205 50 526 647 195
288 68 348 402 821 540 539 94 234
476 258 448 176 219 791 386 348
389 68 678 110 82 91 451 17 474 810
738 274 155 509 411 448 189 540 791
207 106 175 650 17 175 94 169 100 804
546 68 5 269 674 474 108 236 377 625
99 661 219 299 390 192 623 47 127 53 176
415 495 705 451 441 647 644 37 723 122 46
576 135 34 207 122 236 546 68 269
243 800 50 62 657 625 566 145 135 644
407 42 464 127 167 250 543 448 135 276
616 269 236 352 594 564 410 780
780 29 816 133 678 83 8 331 205 417
21 395 403 116 19 77 554 102 30
46 495 416 352 468 711 116 790
335 423 540 62 269 180 448 219
250 564 678 11 311 77 486 521 705
5 648 616 175 674 705 82 91 821
751
# f.41
644 322 286 355 681 122
605 46 576 135 161 107 553 68 79
29 774 224 205 111 127 167 385 554
403 343 50 599 622 77 554 34 310
30 46 213 138 432 43 21 716 243
698 99 774 493 737 160 167 29
705 743 42 131 749 18 12 404
52 317 79 175 463 127 288 234
13 290 59 823 107 5 581 269 451
19 250 392 108 102 42 30 658 110
492 322
# [clear] Je suis &c
