481 53 417 459
267 26 340 136 325 248 91 60 515 32 155 309 371 71
134 431 267 59 19 100 49 67 139 539 91 244 430 304 340
248 506 74 158 260 180 442 151 282 79 100 189 252 32
248 28 31 359 153 267 273 32 158 340 309 67 24 284 17
91 431 267 59 19 407 340 506 119 138 475 245 72 144 79
158 489 33 117 512 169 282 339 273 119 371 340 76 54 34
122 462 340 548 3 420 372 116 485 103 491 119 37 457
103 504 153 248 306 371 340 138 493 95 117 28 340 75
532 84 560 340 107 28 403 32 95 108 459 515 539 99 34
459 371 199 27 100 127 7 497 130 126 515 28 471 74 176
524 8 28 158 407 176 108 216 289 325 221 180 91 130
340 86 95 445 24 417 481 299 53
