S0 71 73 26 84
S1 53 11
S2 43 8 77 87 38 94 16 43 20 43 97 72 38 94 41 19 40 89 43 44 19 23
S3 38 38 53 42 77 59 52 44 49 38 94 61 19 77 93 43 48 61 29 73 75 7 77 19 72 65 55 97
S4 77 43 97 102 44 16 59 8 77 96 9 89 74 92 18 84 15 41 49 26 33 87 55 64 64 92 27 55 63
S5 8 87 24 47 72 61 49 71 63 11
S6 73 55 63 42 10
S7 47 74 91 47 30 18 84 22 32 74 74 89 97 44 27 14 83 65 39 47 43 102 24 43 96 61 43 24 98 75 51 79 35 98 95 56
S8 89 73 72 83 98 38 30
S9 97 40
S10 98 72 35 16 82 77
S11 70 16 73 17 59 71 61 96 74 77 68 39 18 90 56 71
S12 74 85 71
S13 56 61 59 74 93 71 43 98 61 71 43 47 49 69 89 67 10 81 31 98 61 76 19 43 32 95 42 41 43 23 89 49 47 30
S14 42 14 61 39 83 43 23 89 100 73 102 11 47 49 59 30 63
S15 83 64 82 8 59 24 61 23 61 59
S16 69 61
S17 43 102 83 73 102 47 49 98 89 35 43 24 69 16 84 20 65 52 64 81 89 101 38 94 61 97
S18 82 83 39 75 78 96 59 83 8 64 64 87 71 47
